


13 4 478



0.568521 	0.106873 	0 	0.146179 	0 	0.118508 	0.240425 	0 	0.166196 	0.0120356 	0.00792281 	0.00291097 	0 	
0.304776 	0.216144 	0.175188 	0 	0.121278 	0.132652 	0.304375 	0 	0.273381 	0.0130193 	0.0118901 	0.00362012 	0.000711865 	
0.125308 	0 	0.524165 	0 	0.064705 	0.279633 	0.170416 	0 	0.374139 	0.0105439 	0.0084567 	0.00334143 	0.00192482 	
0.286293 	0 	0.0529747 	0.384089 	0.0972683 	0.0115149 	0.240333 	0 	0.235708 	0.00157486 	0.0111715 	0.00912178 	0 	
0.182087 	0.0473283 	0.235475 	0 	0.0546506 	0.0766564 	0.39217 	0 	0.32169 	0 	0.0191747 	0.00691807 	0.00174811 	
0.0769592 	0 	0.289112 	0 	0.0841049 	0.460584 	0.423226 	0 	0.354834 	0 	0.0131288 	0.00262358 	0.00686319 	
0.0938456 	0.190597 	0 	0 	0 	0.0181772 	1.05181 	0 	0.308801 	0 	0.00834265 	0.0104857 	0.000663364 	
0.0312886 	0.152133 	0.12856 	0 	0 	0 	0.192504 	0.606197 	0.215068 	0 	0.00933107 	0.00628625 	0.00545692 	
0 	0.127583 	0.25938 	0 	0 	0 	0.373361 	0.206407 	0.502503 	0 	0.00893209 	0 	0.00870694 	
3.25704 	0 	2.4455 	0 	0 	0 	0.992664 	0 	1.89836 	0.631815 	0.0731631 	0.0732268 	0.0266718 	
4.91587 	0 	4.6439 	0 	0 	0 	2.09684 	0 	2.53331 	0 	0.768026 	0.120308 	0.0542711 	
4.03553 	0 	4.22602 	0 	0 	0 	1.139 	0 	2.90063 	0 	0.0612743 	0.802541 	0.0277797 	
4.73893 	0 	4.99157 	0 	0 	0 	2.0683 	0 	4.40319 	0 	0.0393305 	0.0776191 	0.814922 	




0.0156176 	0.0134833 	0.000461038 	0 	
0.0215637 	0.0174362 	0 	0 	
0.0190659 	0.00719668 	0 	0.00481412 	
0.00521487 	0.0155713 	0.00353113 	0.000392304 	
0.0134495 	0.0187006 	0.00775023 	0.0022561 	
0.00956788 	0.0139013 	0 	0.0103958 	
0.0118244 	0.0044466 	0.0265888 	0 	
0.0150149 	0.00407836 	0.0337488 	0.00106668 	
0.00756902 	0.000800688 	0.0226872 	0.0264355 	
2.45033 	0.317105 	0 	0 	
0.34594 	2.4934 	0 	0 	
0.432018 	0.143642 	2.97903 	0 	
0.377321 	0.103662 	0 	4.61063 	






3.81	3.84	3.86	3.7	3.73	3.79	3.63	3.5	3.46	2.26	2.06	1.46	1.26	0	0	0	0	3.62	3.64	3.63	3.48	3.55	3.58	3.47	3.36	3.33	2.06	1.86	1.46	1.26
3.61	3.63	3.62	3.47	3.54	3.57	3.46	3.35	3.32	2.05	1.85	1.45	1.25	0	0	0	0	3.4	3.43	3.42	3.31	3.36	3.38	3.29	3.19	3.16	1.95	1.85	1.45	1.25
3.39	3.42	3.41	3.3	3.35	3.37	3.28	3.18	3.15	1.94	1.84	1.44	1.24	0	0	0	0	3.18	3.23	3.25	3.13	3.16	3.21	3.1	2.95	2.91	2.04	1.84	1.34	1.14
3.23	3.28	3.3	3.18	3.21	3.26	3.15	3	2.96	2.09	1.89	1.39	1.19	0	0	0	0	3.08	3.1	3.12	2.97	3.03	3.07	2.96	2.83	2.78	1.99	1.79	1.29	1.19
3.08	3.1	3.12	2.97	3.03	3.07	2.96	2.83	2.78	1.99	1.79	1.29	1.19	0	0	0	0	2.92	2.95	2.97	2.83	2.86	2.92	2.8	2.65	2.61	1.89	1.79	1.19	1.19
2.95	2.98	3	2.86	2.89	2.95	2.83	2.68	2.64	1.92	1.82	1.22	1.22	0	0	0	0	2.81	2.83	2.86	2.72	2.76	2.79	2.69	2.57	2.53	1.92	1.72	1.12	1.12
2.79	2.81	2.84	2.7	2.74	2.77	2.67	2.55	2.51	1.9	1.7	1.1	1.1	0	0	0	0	2.65	2.66	2.67	2.58	2.61	2.64	2.52	2.39	2.36	1.8	1.6	1	1
2.67	2.68	2.69	2.6	2.63	2.66	2.54	2.41	2.38	1.82	1.62	1.02	1.02	0	0	0	0	2.57	2.57	2.6	2.48	2.49	2.54	2.44	2.29	2.26	1.82	1.62	0.92	0.92
2.53	2.53	2.56	2.44	2.45	2.5	2.4	2.25	2.22	1.78	1.58	0.88	0.88	0	0	0	0	2.38	2.4	2.42	2.29	2.32	2.36	2.25	2.12	2.11	1.68	1.48	0.88	0.88
2.33	2.35	2.37	2.24	2.27	2.31	2.2	2.07	2.06	1.63	1.43	0.83	0.83	0	0	0	0	2.24	2.24	2.25	2.13	2.16	2.2	2.11	1.97	1.95	1.53	1.33	0.83	0.83
2.27	2.27	2.28	2.16	2.19	2.23	2.14	2	1.98	1.56	1.36	0.86	0.86	0	0	0	0	2.15	2.17	2.19	2.07	2.08	2.13	2.03	1.89	1.87	1.46	1.36	0.86	0.86
2.14	2.16	2.18	2.06	2.07	2.12	2.02	1.88	1.86	1.45	1.35	0.85	0.85	0	0	0	0	2.07	2.07	2.08	1.97	2	2.02	1.95	1.8	1.79	1.45	1.25	0.85	0.85
2.06	2.06	2.07	1.96	1.99	2.01	1.94	1.79	1.78	1.44	1.24	0.84	0.84	0	0	0	0	1.94	1.96	1.98	1.87	1.89	1.93	1.84	1.7	1.71	1.34	1.24	0.74	0.74
1.93	1.95	1.97	1.86	1.88	1.92	1.83	1.69	1.7	1.33	1.23	0.73	0.73	0	0	0	0	1.85	1.88	1.89	1.78	1.8	1.84	1.76	1.62	1.61	1.33	1.13	0.73	0.73
1.92	1.95	1.96	1.85	1.87	1.91	1.83	1.69	1.68	1.4	1.2	0.8	0.8	0	0	0	0	1.83	1.85	1.87	1.77	1.79	1.83	1.75	1.63	1.61	1.3	1.2	0.7	0.7
1.67	1.69	1.71	1.61	1.63	1.67	1.59	1.47	1.45	1.14	1.04	0.54	0.54	0	0	0	0	1.61	1.62	1.64	1.55	1.56	1.6	1.52	1.39	1.39	1.04	0.94	0.54	0.54
1.67	1.68	1.7	1.61	1.62	1.66	1.58	1.45	1.45	1.1	1	0.6	0.6	0	0	0	0	1.6	1.62	1.62	1.54	1.55	1.58	1.52	1.38	1.37	1.1	1	0.6	0.6
1.6	1.62	1.62	1.54	1.55	1.58	1.52	1.38	1.37	1.1	1	0.6	0.6	0	0	0	0	1.53	1.55	1.55	1.46	1.49	1.53	1.45	1.33	1.32	1.1	1	0.5	0.5
1.45	1.47	1.47	1.38	1.41	1.45	1.37	1.25	1.24	1.02	0.92	0.42	0.42	0	0	0	0	1.38	1.4	1.4	1.32	1.33	1.38	1.3	1.19	1.17	0.92	0.82	0.42	0.42
1.47	1.49	1.49	1.41	1.42	1.47	1.39	1.28	1.26	1.01	0.91	0.51	0.51	0	0	0	0	1.42	1.43	1.44	1.34	1.37	1.42	1.35	1.22	1.2	1.01	0.91	0.51	0.51
1.42	1.43	1.44	1.34	1.37	1.42	1.35	1.22	1.2	1.01	0.91	0.51	0.51	0	0	0	0	1.34	1.36	1.37	1.29	1.31	1.35	1.29	1.16	1.14	0.91	0.81	0.51	0.51
1.34	1.36	1.37	1.29	1.31	1.35	1.29	1.16	1.14	0.91	0.81	0.51	0.51	0	0	0	0	1.29	1.31	1.32	1.25	1.25	1.3	1.24	1.12	1.13	1.01	0.91	0.61	0.51
1.3	1.32	1.33	1.26	1.26	1.31	1.25	1.13	1.14	1.02	0.92	0.62	0.52	0	0	0	0	1.25	1.26	1.29	1.19	1.22	1.26	1.2	1.07	1.07	0.92	0.82	0.52	0.52
1.19	1.2	1.23	1.13	1.16	1.2	1.14	1.01	1.01	0.86	0.76	0.46	0.46	0	0	0	0	1.14	1.16	1.18	1.09	1.12	1.16	1.1	0.97	0.97	0.86	0.76	0.46	0.46
1.15	1.17	1.19	1.1	1.13	1.17	1.11	0.98	0.98	0.87	0.77	0.47	0.47	0	0	0	0	1.11	1.13	1.14	1.06	1.09	1.13	1.08	0.96	0.97	0.87	0.77	0.47	0.47
1.03	1.05	1.06	0.98	1.01	1.05	1	0.88	0.89	0.79	0.69	0.39	0.39	0	0	0	0	1	1.02	1.02	0.96	0.97	1.01	0.97	0.85	0.85	0.69	0.59	0.39	0.39
1.09	1.11	1.11	1.05	1.06	1.1	1.06	0.94	0.94	0.78	0.68	0.48	0.48	0	0	0	0	1.05	1.06	1.06	0.99	1.02	1.06	1.02	0.9	0.9	0.68	0.68	0.48	0.38
1.02	1.03	1.03	0.96	0.99	1.03	0.99	0.87	0.87	0.65	0.65	0.45	0.35	0	0	0	0	0.98	1	1.02	0.95	0.97	1.01	0.97	0.85	0.86	0.65	0.55	0.35	0.35
1.03	1.05	1.07	1	1.02	1.06	1.02	0.9	0.91	0.7	0.6	0.4	0.4	0	0	0	0	0.98	1	1	0.94	0.96	1	0.97	0.85	0.86	0.7	0.6	0.4	0.4
0.95	0.97	0.97	0.91	0.93	0.97	0.94	0.82	0.83	0.67	0.57	0.37	0.37	0	0	0	0.9516	0.94	0.95	0.97	0.9	0.92	0.95	0.91	0.79	0.81	0.67	0.57	0.37	3.47
1.02	1.03	1.05	0.98	1	1.03	0.99	0.87	0.89	0.75	0.65	0.45	3.55	0	0	0	0.9516	0.97	0.98	0.99	0.91	0.95	1.02	0.95	0.85	0.9	0.75	0.85	0.45	9.95
0.98	0.99	1	0.92	0.96	1.03	0.96	0.86	0.91	0.76	0.86	0.46	9.96	0	0	0	0.9516	0.96	1	1.03	0.92	0.98	1.1	0.95	0.89	0.97	0.86	0.96	0.46	13.26
0.96	1	1.03	0.92	0.98	1.1	0.95	0.89	0.97	0.86	0.96	0.46	13.26	0	0	0	0.9516	0.95	1	1.06	0.91	1	1.14	0.95	0.95	1.04	0.96	1.16	0.56	15.06
0.93	0.98	1.04	0.89	0.98	1.12	0.93	0.93	1.02	0.94	1.14	0.54	15.04	0	0	0	0.9516	0.93	1.02	1.09	0.91	1.04	1.2	0.96	0.98	1.1	1.04	1.34	0.64	16.14
0.93	1.02	1.09	0.91	1.04	1.2	0.96	0.98	1.1	1.04	1.34	0.64	16.14	0	0	0	0.9516	0.94	1.04	1.14	0.92	1.05	1.25	0.97	1.02	1.17	1.04	1.34	0.64	16.84
0.89	0.99	1.09	0.87	1	1.2	0.92	0.97	1.12	0.99	1.29	0.59	16.79	0	0	0	0.9516	0.91	1.03	1.16	0.91	1.07	1.28	0.96	1.03	1.19	1.09	1.49	0.69	17.09
0.98	1.1	1.23	0.98	1.14	1.35	1.03	1.1	1.26	1.16	1.56	0.76	17.16	0	0	0	0.9516	1	1.14	1.27	0.99	1.18	1.4	1.05	1.13	1.29	1.16	1.66	0.76	17.26
0.93	1.07	1.2	0.92	1.11	1.33	0.98	1.06	1.22	1.09	1.59	0.69	17.19	0	0	0	0.9516	0.97	1.12	1.26	0.96	1.14	1.37	1.01	1.1	1.24	1.19	1.69	0.69	17.49
1.01	1.16	1.3	1	1.18	1.41	1.05	1.14	1.28	1.23	1.73	0.73	17.53	0	0	0	0.9516	1.04	1.19	1.33	1.03	1.2	1.42	1.07	1.15	1.29	1.33	1.83	0.73	17.53
1.01	1.16	1.3	1	1.17	1.39	1.04	1.12	1.26	1.3	1.8	0.7	17.5	0	0	0	0.9516	1.02	1.17	1.33	1.01	1.19	1.42	1.04	1.13	1.28	1.4	2	0.7	17.6
1.08	1.23	1.39	1.07	1.25	1.48	1.1	1.19	1.34	1.46	2.06	0.76	17.66	0	0	0	0.9516	1.11	1.26	1.42	1.09	1.3	1.53	1.15	1.24	1.39	1.46	1.96	0.86	17.96
1.09	1.24	1.4	1.07	1.28	1.51	1.13	1.22	1.37	1.44	1.94	0.84	17.94	0	0	0	0.9516	1.11	1.27	1.42	1.09	1.29	1.53	1.14	1.23	1.4	1.54	2.04	0.94	17.84
1.13	1.29	1.44	1.11	1.31	1.55	1.16	1.25	1.42	1.56	2.06	0.96	17.86	0	0	0	0.9516	1.14	1.31	1.46	1.13	1.33	1.57	1.17	1.27	1.43	1.56	2.16	0.96	17.96
1.08	1.25	1.4	1.07	1.27	1.51	1.11	1.21	1.37	1.5	2.1	0.9	17.9	0	0	0	0.9516	1.13	1.3	1.45	1.11	1.32	1.55	1.15	1.24	1.4	1.6	2.2	0.9	17.7
1.12	1.29	1.44	1.1	1.31	1.54	1.14	1.23	1.39	1.59	2.19	0.89	17.69	0	0	0	0.9516	1.13	1.29	1.45	1.11	1.31	1.55	1.15	1.24	1.4	1.59	2.09	0.89	17.69
1.19	1.35	1.51	1.17	1.37	1.61	1.21	1.3	1.46	1.65	2.15	0.95	17.75	0	0	0	0.9516	1.22	1.4	1.55	1.21	1.42	1.66	1.25	1.36	1.53	1.55	2.05	0.95	17.85
1.2	1.38	1.53	1.19	1.4	1.64	1.23	1.34	1.51	1.53	2.03	0.93	17.83	0	0	0	0.9516	1.22	1.39	1.54	1.2	1.43	1.66	1.25	1.39	1.56	1.43	1.93	0.93	17.73
1.2	1.37	1.52	1.18	1.41	1.64	1.23	1.37	1.54	1.41	1.91	0.91	17.71	0	0	0	0.9516	1.22	1.41	1.55	1.21	1.44	1.69	1.26	1.39	1.56	1.51	1.91	1.01	17.71
1.16	1.35	1.49	1.15	1.38	1.63	1.2	1.33	1.5	1.45	1.85	0.95	17.65	0	0	0	0.9516	1.19	1.35	1.51	1.18	1.38	1.63	1.22	1.33	1.49	1.45	1.95	0.85	17.55
1.19	1.35	1.51	1.18	1.38	1.63	1.22	1.33	1.49	1.45	1.95	0.85	17.55	0	0	0	0.9516	1.18	1.34	1.49	1.17	1.37	1.59	1.21	1.31	1.45	1.35	1.95	0.85	17.55
1.2	1.36	1.51	1.19	1.39	1.61	1.23	1.33	1.47	1.37	1.97	0.87	17.57	0	0	0	0.9516	1.21	1.37	1.52	1.2	1.39	1.63	1.24	1.33	1.47	1.47	2.07	0.87	17.47
1.18	1.34	1.49	1.17	1.36	1.6	1.21	1.3	1.44	1.44	2.04	0.84	17.44	0	0	0	0.9516	1.2	1.35	1.5	1.18	1.38	1.6	1.22	1.3	1.44	1.54	2.04	0.84	17.54
1.21	1.36	1.51	1.19	1.39	1.61	1.23	1.31	1.45	1.55	2.05	0.85	17.55	0	0	0	0.9516	1.22	1.37	1.51	1.19	1.39	1.62	1.22	1.3	1.44	1.75	2.35	0.85	17.55
1.24	1.39	1.53	1.21	1.41	1.64	1.24	1.32	1.46	1.77	2.37	0.87	17.57	0	0	0	0.9516	1.25	1.41	1.55	1.23	1.41	1.64	1.26	1.33	1.47	1.77	2.27	0.87	17.57
1.24	1.4	1.54	1.22	1.4	1.63	1.25	1.32	1.46	1.76	2.26	0.86	17.56	0	0	0	0.9516	1.26	1.42	1.56	1.23	1.42	1.65	1.24	1.33	1.47	1.76	2.26	0.86	17.66
1.27	1.43	1.57	1.24	1.43	1.66	1.25	1.34	1.48	1.77	2.27	0.87	17.67	0	0	0	0.9516	1.27	1.44	1.59	1.24	1.46	1.69	1.27	1.38	1.54	1.77	2.17	0.87	17.77
1.24	1.41	1.56	1.21	1.43	1.66	1.24	1.35	1.51	1.74	2.14	0.84	17.74	0	0	0	0.9516	1.25	1.43	1.58	1.22	1.44	1.7	1.26	1.38	1.54	1.54	1.94	0.94	17.64
1.27	1.45	1.6	1.24	1.46	1.72	1.28	1.4	1.56	1.56	1.96	0.96	17.66	0	0	0	0.9516	1.28	1.45	1.61	1.26	1.47	1.73	1.31	1.42	1.58	1.56	1.96	0.96	17.76
1.26	1.43	1.59	1.24	1.45	1.71	1.29	1.4	1.56	1.54	1.94	0.94	17.74	0	0	0	0.9516	1.26	1.44	1.59	1.25	1.47	1.72	1.29	1.41	1.59	1.44	1.84	0.94	17.74
1.31	1.49	1.64	1.3	1.52	1.77	1.34	1.46	1.64	1.49	1.89	0.99	17.79	0	0	0.97208	0	1.32	1.49	1.65	1.3	1.52	1.76	1.36	1.48	1.62	1.39	1.89	2.79	14.69
1.33	1.5	1.66	1.31	1.53	1.77	1.37	1.49	1.63	1.4	1.9	2.8	14.7	0	0	0.97208	0	1.33	1.5	1.63	1.33	1.54	1.73	1.43	1.5	1.56	1.5	2.3	7	8.9
1.36	1.53	1.66	1.36	1.57	1.76	1.46	1.53	1.59	1.53	2.33	7.03	8.93	0	0	0.97208	0	1.39	1.54	1.63	1.44	1.6	1.74	1.53	1.55	1.59	1.63	2.73	8.73	6.03
1.42	1.57	1.66	1.47	1.63	1.77	1.56	1.58	1.62	1.66	2.76	8.76	6.06	0	0	0.97208	0	1.46	1.59	1.64	1.51	1.65	1.73	1.65	1.65	1.66	1.66	2.76	9.96	4.36
1.45	1.58	1.63	1.5	1.64	1.72	1.64	1.64	1.65	1.65	2.75	9.95	4.35	0	0	0.97208	0	1.5	1.6	1.63	1.56	1.68	1.7	1.7	1.67	1.64	1.85	3.05	10.65	3.45
1.48	1.58	1.61	1.54	1.66	1.68	1.68	1.65	1.62	1.83	3.03	10.63	3.43	0	0	0.97208	0	1.5	1.59	1.59	1.58	1.66	1.65	1.74	1.64	1.59	1.83	3.13	10.83	2.73
1.39	1.48	1.48	1.47	1.55	1.54	1.63	1.53	1.48	1.72	3.02	10.72	2.62	0	0	0.97208	0	1.42	1.51	1.48	1.52	1.59	1.55	1.7	1.58	1.5	1.62	2.82	11.12	2.22
1.47	1.56	1.53	1.57	1.64	1.6	1.75	1.63	1.55	1.67	2.87	11.17	2.27	0	0	0.97208	0	1.52	1.56	1.52	1.61	1.64	1.6	1.77	1.62	1.54	1.77	3.07	11.27	1.97
1.49	1.53	1.49	1.58	1.61	1.57	1.74	1.59	1.51	1.74	3.04	11.24	1.94	0	0	0.97208	0	1.53	1.57	1.51	1.63	1.65	1.58	1.8	1.65	1.57	1.64	2.94	11.44	1.84
1.59	1.63	1.57	1.69	1.71	1.64	1.86	1.71	1.63	1.7	3	11.5	1.9	0	0	0.97208	0	1.61	1.63	1.58	1.69	1.71	1.64	1.86	1.69	1.59	1.8	3.1	11.4	1.7
1.67	1.69	1.64	1.75	1.77	1.7	1.92	1.75	1.65	1.86	3.16	11.46	1.76	0	0	0.97208	0	1.7	1.71	1.63	1.79	1.79	1.7	1.94	1.77	1.67	1.86	3.16	11.56	1.56
1.69	1.7	1.62	1.78	1.78	1.69	1.93	1.76	1.66	1.85	3.15	11.55	1.55	0	0	0.97208	0	1.69	1.7	1.63	1.78	1.79	1.68	1.96	1.76	1.67	1.85	3.05	11.65	1.45
1.7	1.71	1.64	1.79	1.8	1.69	1.97	1.77	1.68	1.86	3.06	11.66	1.46	0	0	0.97208	0	1.7	1.73	1.62	1.8	1.79	1.69	1.97	1.79	1.69	1.76	2.96	11.66	1.36
1.69	1.72	1.61	1.79	1.78	1.68	1.96	1.78	1.68	1.75	2.95	11.65	1.35	0	0	0.97208	0	1.73	1.73	1.64	1.82	1.8	1.7	1.97	1.78	1.68	1.95	3.25	11.55	1.35
1.71	1.71	1.62	1.8	1.78	1.68	1.95	1.76	1.66	1.93	3.23	11.53	1.33	0	0	0.97208	0	1.73	1.71	1.62	1.8	1.79	1.68	1.94	1.75	1.66	1.83	3.13	11.43	1.23
1.69	1.67	1.58	1.76	1.75	1.64	1.9	1.71	1.62	1.79	3.09	11.39	1.19	0	0	0.97208	0	1.69	1.69	1.59	1.77	1.75	1.66	1.91	1.7	1.59	1.79	3.09	11.29	1.09
1.7	1.7	1.6	1.78	1.76	1.67	1.92	1.71	1.6	1.8	3.1	11.3	1.1	0	0	0.97208	0	1.7	1.69	1.59	1.77	1.74	1.64	1.89	1.68	1.56	1.8	3.2	11.2	1.1
1.76	1.75	1.65	1.83	1.8	1.7	1.95	1.74	1.62	1.86	3.26	11.26	1.16	0	0	0.97208	0	1.77	1.74	1.64	1.82	1.78	1.69	1.93	1.71	1.61	1.96	3.26	11.16	1.16
1.74	1.71	1.61	1.79	1.75	1.66	1.9	1.68	1.58	1.93	3.23	11.13	1.13	0	0	0.97208	0	1.74	1.72	1.63	1.8	1.76	1.66	1.91	1.69	1.57	1.93	3.23	11.23	1.13
1.71	1.69	1.6	1.77	1.73	1.63	1.88	1.66	1.54	1.9	3.2	11.2	1.1	0	0	0.97208	0	1.73	1.71	1.61	1.79	1.76	1.64	1.9	1.69	1.58	1.9	3.2	11.3	1.1
1.78	1.76	1.66	1.84	1.81	1.69	1.95	1.74	1.63	1.95	3.25	11.35	1.15	0	0	0.97208	0	1.78	1.77	1.67	1.84	1.81	1.68	1.96	1.74	1.64	1.95	3.15	11.45	1.05
1.75	1.74	1.64	1.81	1.78	1.65	1.93	1.71	1.61	1.92	3.12	11.42	1.02	0	0	0.97208	0	1.75	1.73	1.64	1.82	1.79	1.67	1.94	1.73	1.61	1.92	3.22	11.52	1.02
1.73	1.71	1.62	1.8	1.77	1.65	1.92	1.71	1.59	1.9	3.2	11.5	1	0	0	0.97208	0	1.73	1.72	1.61	1.8	1.76	1.65	1.91	1.68	1.57	2	3.2	11.4	1.1
1.73	1.72	1.61	1.8	1.76	1.65	1.91	1.68	1.57	2	3.2	11.4	1.1	0	0	0.97208	0	1.72	1.71	1.6	1.82	1.77	1.64	1.93	1.72	1.62	1.8	3	11.4	1
1.75	1.74	1.63	1.85	1.8	1.67	1.96	1.75	1.65	1.83	3.03	11.43	1.03	0	0	0.97208	0	1.76	1.75	1.64	1.85	1.82	1.68	2.01	1.79	1.67	1.73	2.93	11.63	1.03
1.74	1.73	1.62	1.83	1.8	1.66	1.99	1.77	1.65	1.71	2.91	11.61	1.01	0	0	0.97208	0	1.77	1.73	1.63	1.86	1.79	1.66	2	1.75	1.63	1.71	2.91	11.51	1.01
1.75	1.71	1.61	1.84	1.77	1.64	1.98	1.73	1.61	1.69	2.89	11.49	0.99	0	0	0.97208	0	1.73	1.71	1.6	1.82	1.76	1.65	1.94	1.7	1.58	1.89	3.19	11.49	1.09
1.71	1.69	1.58	1.8	1.74	1.63	1.92	1.68	1.56	1.87	3.17	11.47	1.07	0	0	0.97208	0	1.72	1.68	1.59	1.78	1.73	1.62	1.89	1.66	1.54	1.77	3.07	11.27	1.07
1.78	1.74	1.65	1.84	1.79	1.68	1.95	1.72	1.6	1.83	3.13	11.33	1.13	0	0	0.97208	0	1.77	1.75	1.65	1.83	1.79	1.68	1.95	1.71	1.6	1.93	3.23	11.23	1.13
1.78	1.76	1.66	1.84	1.8	1.69	1.96	1.72	1.61	1.94	3.24	11.24	1.14	0	0	0.97208	0	1.77	1.75	1.65	1.84	1.78	1.68	1.95	1.73	1.62	1.84	3.14	11.24	1.14
1.75	1.73	1.63	1.82	1.76	1.66	1.93	1.71	1.6	1.82	3.12	11.22	1.12	0	0.99116	0	0	1.75	1.72	1.6	1.79	1.75	1.65	1.9	1.67	1.55	1.92	4.42	9.12	1.12
1.76	1.73	1.61	1.8	1.76	1.66	1.91	1.68	1.56	1.93	4.43	9.13	1.13	0	0.99116	0	0	1.77	1.76	1.65	1.83	1.8	1.69	1.88	1.66	1.56	2.23	7.03	5.33	1.03
1.77	1.76	1.65	1.83	1.8	1.69	1.88	1.66	1.56	2.23	7.03	5.33	1.03	0	0.99116	0	0	1.79	1.79	1.7	1.83	1.8	1.72	1.83	1.61	1.54	2.53	8.13	3.63	1.03
1.78	1.78	1.69	1.82	1.79	1.71	1.82	1.6	1.53	2.52	8.12	3.62	1.02	0	0.99116	0	0	1.81	1.82	1.71	1.8	1.8	1.74	1.77	1.57	1.52	2.72	8.62	2.72	0.92
1.82	1.83	1.72	1.81	1.81	1.75	1.78	1.58	1.53	2.73	8.63	2.73	0.93	0	0.99116	0	0	1.84	1.86	1.77	1.82	1.83	1.79	1.75	1.56	1.52	3.03	8.73	2.13	0.93
1.81	1.83	1.74	1.79	1.8	1.76	1.72	1.53	1.49	3	8.7	2.1	0.9	0	0.99116	0	0	1.82	1.84	1.78	1.76	1.78	1.75	1.67	1.5	1.45	3.1	8.8	1.7	0.8
1.85	1.87	1.81	1.79	1.81	1.78	1.7	1.53	1.48	3.13	8.83	1.73	0.83	0	0.99116	0	0	1.85	1.89	1.82	1.78	1.81	1.79	1.67	1.5	1.45	3.13	8.73	1.43	0.73
1.82	1.86	1.79	1.75	1.78	1.76	1.64	1.47	1.42	3.1	8.7	1.4	0.7	0	0.99116	0	0	1.84	1.87	1.82	1.76	1.8	1.78	1.64	1.49	1.46	3.1	8.8	1.2	0.7
1.88	1.91	1.86	1.8	1.84	1.82	1.68	1.53	1.5	3.14	8.84	1.24	0.74	0	0.99116	0	0	1.89	1.93	1.86	1.8	1.84	1.82	1.66	1.52	1.49	3.34	8.84	1.14	0.74
1.89	1.93	1.86	1.8	1.84	1.82	1.66	1.52	1.49	3.34	8.84	1.14	0.74	0	0.99116	0	0	1.89	1.93	1.89	1.79	1.83	1.82	1.66	1.51	1.48	3.24	8.84	1.04	0.74
1.86	1.9	1.86	1.76	1.8	1.79	1.63	1.48	1.45	3.21	8.81	1.01	0.71	0	0.99116	0	0	1.86	1.89	1.86	1.76	1.81	1.79	1.62	1.47	1.44	3.21	8.81	0.91	0.61
1.82	1.85	1.82	1.72	1.77	1.75	1.58	1.43	1.4	3.17	8.77	0.87	0.57	0	0.99116	0	0	1.82	1.85	1.82	1.72	1.77	1.76	1.57	1.45	1.41	3.27	8.77	0.77	0.57
1.78	1.81	1.78	1.68	1.73	1.72	1.53	1.41	1.37	3.23	8.73	0.73	0.53	0	0.99116	0	0	1.79	1.83	1.78	1.67	1.72	1.7	1.53	1.39	1.35	3.23	8.73	0.73	0.43
1.81	1.85	1.8	1.69	1.74	1.72	1.55	1.41	1.37	3.25	8.75	0.75	0.45	0	0.99116	0	0	1.78	1.83	1.78	1.68	1.72	1.72	1.52	1.39	1.36	3.25	8.65	0.65	0.45
1.76	1.81	1.76	1.66	1.7	1.7	1.5	1.37	1.34	3.23	8.63	0.63	0.43	0	0.99116	0	0	1.78	1.83	1.79	1.67	1.73	1.71	1.52	1.39	1.37	3.23	8.73	0.63	0.43
1.8	1.85	1.81	1.69	1.75	1.73	1.54	1.41	1.39	3.25	8.75	0.65	0.45	0	0.99116	0	0	1.79	1.85	1.8	1.68	1.73	1.74	1.54	1.4	1.39	3.15	8.65	0.65	0.45
1.83	1.89	1.84	1.72	1.77	1.78	1.58	1.44	1.43	3.19	8.69	0.69	0.49	0	0.99116	0	0	1.85	1.9	1.86	1.74	1.8	1.79	1.58	1.45	1.43	3.29	8.69	0.69	0.49
1.82	1.87	1.83	1.71	1.77	1.76	1.55	1.42	1.4	3.26	8.66	0.66	0.46	0	0.99116	0	0	1.82	1.87	1.83	1.7	1.76	1.74	1.54	1.41	1.38	3.26	8.76	0.66	0.46
1.86	1.91	1.87	1.74	1.8	1.78	1.58	1.45	1.42	3.3	8.8	0.7	0.5	0	0.99116	0	0	1.86	1.91	1.87	1.74	1.8	1.8	1.59	1.46	1.45	3.4	8.9	0.8	0.6
1.83	1.88	1.84	1.71	1.77	1.77	1.56	1.43	1.42	3.37	8.87	0.77	0.57	0	0.99116	0	0	1.84	1.89	1.85	1.72	1.77	1.78	1.56	1.43	1.41	3.47	8.87	0.77	0.57
1.81	1.86	1.82	1.69	1.74	1.75	1.53	1.4	1.38	3.44	8.84	0.74	0.54	0	0.99116	0	0	1.82	1.86	1.82	1.7	1.75	1.75	1.55	1.42	1.39	3.44	8.84	0.74	0.54
1.78	1.82	1.78	1.66	1.71	1.71	1.51	1.38	1.35	3.4	8.8	0.7	0.5	0	0.99116	0	0	1.76	1.81	1.76	1.64	1.71	1.7	1.5	1.38	1.35	3.4	8.8	0.7	0.4
1.85	1.9	1.85	1.73	1.8	1.79	1.59	1.47	1.44	3.49	8.89	0.79	0.49	0	0.99116	0	0	1.85	1.92	1.87	1.75	1.8	1.8	1.6	1.49	1.46	3.49	8.89	0.79	0.59
1.92	1.99	1.94	1.82	1.87	1.87	1.67	1.56	1.53	3.56	8.96	0.86	0.66	0	0.99116	0	0	1.92	1.98	1.94	1.82	1.88	1.88	1.68	1.56	1.55	3.46	8.86	0.86	0.56
1.92	1.98	1.94	1.82	1.88	1.88	1.68	1.56	1.55	3.46	8.86	0.86	0.56	0	0.99116	0	0	1.89	1.96	1.93	1.8	1.87	1.86	1.66	1.53	1.51	3.36	8.86	0.86	0.56
1.82	1.89	1.86	1.73	1.8	1.79	1.59	1.46	1.44	3.29	8.79	0.79	0.49	0	0.99116	0	0	1.84	1.9	1.86	1.73	1.8	1.8	1.6	1.46	1.45	3.29	8.69	0.69	0.49
1.8	1.86	1.82	1.69	1.76	1.76	1.56	1.42	1.41	3.25	8.65	0.65	0.45	0	0.99116	0	0	1.8	1.86	1.82	1.7	1.76	1.76	1.56	1.44	1.4	3.15	8.65	0.65	0.45
1.77	1.83	1.79	1.67	1.73	1.73	1.53	1.41	1.37	3.12	8.62	0.62	0.42	0	0.99116	0	0	1.78	1.83	1.8	1.68	1.73	1.73	1.53	1.41	1.38	3.22	8.72	0.62	0.42
1.85	1.9	1.87	1.75	1.8	1.8	1.6	1.48	1.45	3.29	8.79	0.69	0.49	0	0.99116	0	0	1.87	1.92	1.88	1.76	1.81	1.8	1.6	1.48	1.46	3.19	8.79	0.79	0.49
1.84	1.89	1.85	1.73	1.78	1.77	1.57	1.45	1.43	3.16	8.76	0.76	0.46	0	0.99116	0	0	1.83	1.88	1.86	1.72	1.78	1.78	1.58	1.45	1.41	3.16	8.76	0.76	0.46
1.86	1.91	1.89	1.75	1.81	1.81	1.61	1.48	1.44	3.19	8.79	0.79	0.49	0.99532	0	0	0	1.85	1.91	1.88	1.74	1.81	1.81	1.6	1.48	1.44	4.19	7.49	0.79	0.49
1.77	1.83	1.8	1.66	1.73	1.73	1.52	1.4	1.36	4.11	7.41	0.71	0.41	0.99532	0	0	0	1.77	1.82	1.8	1.62	1.67	1.68	1.5	1.37	1.34	6.61	4.51	0.71	0.41
1.8	1.85	1.83	1.65	1.7	1.71	1.53	1.4	1.37	6.64	4.54	0.74	0.44	0.99532	0	0	0	1.81	1.85	1.84	1.64	1.67	1.7	1.53	1.39	1.36	7.64	3.14	0.74	0.44
1.79	1.83	1.82	1.62	1.65	1.68	1.51	1.37	1.34	7.62	3.12	0.72	0.42	0.99532	0	0	0	1.78	1.83	1.8	1.58	1.61	1.64	1.48	1.35	1.33	8.02	2.32	0.62	0.42
1.77	1.82	1.79	1.57	1.6	1.63	1.47	1.34	1.32	8.01	2.31	0.61	0.41	0.99532	0	0	0	1.74	1.79	1.76	1.53	1.56	1.59	1.43	1.29	1.28	8.31	1.91	0.61	0.41
1.72	1.77	1.74	1.51	1.54	1.57	1.41	1.27	1.26	8.29	1.89	0.59	0.39	0.99532	0	0	0	1.7	1.74	1.71	1.47	1.51	1.53	1.38	1.25	1.24	8.29	1.59	0.49	0.39
1.71	1.75	1.72	1.48	1.52	1.54	1.39	1.26	1.25	8.3	1.6	0.5	0.4	0.99532	0	0	0	1.69	1.72	1.69	1.45	1.48	1.49	1.35	1.22	1.21	8.3	1.3	0.5	0.4
1.78	1.81	1.78	1.54	1.57	1.58	1.44	1.31	1.3	8.39	1.39	0.59	0.49	0.99532	0	0	0	1.76	1.79	1.76	1.51	1.54	1.56	1.43	1.31	1.29	8.29	1.19	0.49	0.39
1.77	1.8	1.77	1.52	1.55	1.57	1.44	1.32	1.3	8.3	1.2	0.5	0.4	0.99532	0	0	0	1.73	1.77	1.73	1.5	1.53	1.55	1.41	1.29	1.27	8.2	1.1	0.5	0.4
1.71	1.75	1.71	1.48	1.51	1.53	1.39	1.27	1.25	8.18	1.08	0.48	0.38	0.99532	0	0	0	1.68	1.71	1.69	1.45	1.48	1.5	1.35	1.22	1.2	8.28	0.98	0.48	0.38
1.67	1.7	1.68	1.44	1.47	1.49	1.34	1.21	1.19	8.27	0.97	0.47	0.37	0.99532	0	0	0	1.65	1.69	1.66	1.41	1.44	1.47	1.32	1.18	1.17	8.37	0.97	0.47	0.37
1.63	1.67	1.64	1.39	1.42	1.45	1.3	1.16	1.15	8.35	0.95	0.45	0.35	0.99532	0	0	0	1.62	1.66	1.63	1.36	1.4	1.42	1.27	1.14	1.13	8.45	0.95	0.45	0.35
1.61	1.65	1.62	1.35	1.39	1.41	1.26	1.13	1.12	8.44	0.94	0.44	0.34	0.99532	0	0	0	1.6	1.63	1.61	1.35	1.38	1.4	1.25	1.11	1.11	8.44	1.04	0.54	0.44
1.53	1.56	1.54	1.28	1.31	1.33	1.18	1.04	1.04	8.37	0.97	0.47	0.37	0.99532	0	0	0	1.51	1.55	1.52	1.26	1.29	1.32	1.17	1.04	1.03	8.37	0.87	0.37	0.37
1.51	1.55	1.52	1.26	1.29	1.32	1.17	1.04	1.03	8.37	0.87	0.37	0.37	0.99532	0	0	0	1.48	1.51	1.49	1.24	1.28	1.29	1.15	1.01	1.01	8.37	0.87	0.37	0.37
1.44	1.47	1.45	1.2	1.24	1.25	1.11	0.97	0.97	8.33	0.83	0.33	0.33	0.99532	0	0	0	1.42	1.46	1.45	1.18	1.21	1.24	1.1	0.97	0.96	8.23	0.83	0.33	0.33
1.45	1.49	1.48	1.21	1.24	1.27	1.13	1	0.99	8.26	0.86	0.36	0.36	0.99532	0	0	0	1.44	1.48	1.45	1.2	1.22	1.25	1.1	0.98	0.97	8.26	0.76	0.36	0.26
1.46	1.5	1.47	1.22	1.24	1.27	1.12	1	0.99	8.28	0.78	0.38	0.28	0.99532	0	0	0	1.45	1.49	1.46	1.2	1.23	1.25	1.12	1	1	8.18	0.78	0.38	0.28
1.44	1.48	1.45	1.19	1.22	1.24	1.11	0.99	0.99	8.17	0.77	0.37	0.27	0.99532	0	0	0	1.42	1.46	1.43	1.18	1.2	1.23	1.1	0.98	0.98	8.17	0.77	0.37	0.27
1.42	1.46	1.43	1.18	1.2	1.23	1.1	0.98	0.98	8.17	0.77	0.37	0.27	0.99532	0	0	0	1.4	1.43	1.41	1.16	1.19	1.22	1.11	0.96	0.96	8.07	0.67	0.37	0.27
1.4	1.43	1.41	1.16	1.19	1.22	1.11	0.96	0.96	8.07	0.67	0.37	0.27	0.99532	0	0	0	1.38	1.41	1.39	1.14	1.18	1.2	1.08	0.95	0.95	7.97	0.67	0.37	0.27
1.4	1.43	1.41	1.16	1.2	1.22	1.1	0.97	0.97	7.99	0.69	0.39	0.29	0.99532	0	0	0	1.38	1.42	1.4	1.16	1.2	1.22	1.09	0.96	0.96	7.99	0.59	0.29	0.29
1.41	1.45	1.43	1.19	1.23	1.25	1.12	0.99	0.99	8.02	0.62	0.32	0.32	0.99532	0	0	0	1.41	1.45	1.43	1.19	1.21	1.23	1.1	0.97	0.96	8.12	0.62	0.32	0.22
1.48	1.52	1.5	1.26	1.28	1.3	1.17	1.04	1.03	8.19	0.69	0.39	0.29	0.99532	0	0	0	1.48	1.52	1.49	1.23	1.26	1.29	1.16	1.03	1.03	8.09	0.69	0.39	0.29
1.41	1.45	1.42	1.16	1.19	1.22	1.09	0.96	0.96	8.02	0.62	0.32	0.22	0.99532	0	0	0	1.4	1.43	1.42	1.16	1.2	1.23	1.11	0.97	0.97	8.02	0.62	0.32	0.22
1.44	1.47	1.46	1.2	1.24	1.27	1.15	1.01	1.01	8.06	0.66	0.36	0.26	0.99532	0	0	0	1.45	1.49	1.47	1.21	1.24	1.27	1.14	1.01	1.01	8.06	0.66	0.36	0.36
1.49	1.53	1.51	1.25	1.28	1.31	1.18	1.05	1.05	8.1	0.7	0.4	0.4	0.99532	0	0	0	1.46	1.5	1.47	1.23	1.27	1.29	1.17	1.04	1.04	8.1	0.7	0.4	0.3
1.43	1.47	1.44	1.2	1.24	1.26	1.14	1.01	1.01	8.07	0.67	0.37	0.27	0.99532	0	0	0	1.43	1.47	1.45	1.19	1.22	1.24	1.12	0.99	0.98	8.27	0.77	0.37	0.37
1.45	1.49	1.47	1.21	1.24	1.26	1.14	1.01	1	8.29	0.79	0.39	0.39	0.99532	0	0	0	1.44	1.48	1.45	1.19	1.23	1.26	1.13	0.99	0.98	8.29	0.69	0.39	0.29
1.44	1.48	1.45	1.19	1.23	1.26	1.13	0.99	0.98	8.29	0.69	0.39	0.29	0.99532	0	0	0	1.44	1.47	1.45	1.2	1.23	1.26	1.11	0.99	0.98	8.29	0.79	0.39	0.39
1.4	1.43	1.41	1.16	1.19	1.22	1.07	0.95	0.94	8.25	0.75	0.35	0.35	0.99532	0.99116	0.97208	0.9516	1.4	1.43	1.41	1.16	1.19	1.22	1.08	0.95	0.95	7.65	1.85	1.65	2.85
1.45	1.48	1.46	1.21	1.24	1.27	1.13	1	1	7.7	1.9	1.7	2.9	0.99532	0.99116	0.97208	0.9516	1.46	1.5	1.48	1.26	1.31	1.33	1.18	1.08	1.07	8.3	5.6	6.3	9.3
1.42	1.46	1.44	1.22	1.27	1.29	1.14	1.04	1.03	8.26	5.56	6.26	9.26	0.99532	0.99116	0.97208	0.9516	1.49	1.56	1.52	1.32	1.4	1.42	1.26	1.17	1.17	8.86	7.66	8.26	12.56
1.48	1.55	1.51	1.31	1.39	1.41	1.25	1.16	1.16	8.85	7.65	8.25	12.55	0.99532	0.99116	0.97208	0.9516	1.58	1.67	1.62	1.44	1.57	1.57	1.4	1.36	1.36	9.35	8.95	9.45	14.35
1.57	1.66	1.61	1.43	1.56	1.56	1.39	1.35	1.35	9.34	8.94	9.44	14.34	0.99532	0.99116	0.97208	0.9516	1.68	1.8	1.76	1.58	1.7	1.71	1.53	1.5	1.5	9.64	9.74	10.24	15.24
1.65	1.77	1.73	1.55	1.67	1.68	1.5	1.47	1.47	9.61	9.71	10.21	15.21	0.99532	0.99116	0.97208	0.9516	1.81	1.92	1.9	1.71	1.83	1.86	1.67	1.62	1.63	10.01	10.31	10.61	15.81
1.8	1.91	1.89	1.7	1.82	1.85	1.66	1.61	1.62	10	10.3	10.6	15.8	0.99532	0.99116	0.97208	0.9516	1.95	2.05	2.04	1.84	1.98	2	1.8	1.78	1.78	10.4	10.5	11	16.3
2.01	2.11	2.1	1.9	2.04	2.06	1.86	1.84	1.84	10.46	10.56	11.06	16.36	0.99532	0.99116	0.97208	0.9516	2.13	2.26	2.22	2.01	2.17	2.18	1.96	1.94	1.88	10.56	10.76	10.76	16.16
2.12	2.25	2.21	2	2.16	2.17	1.95	1.93	1.87	10.55	10.75	10.75	16.15	0.99532	0.99116	0.97208	0.9516	2.22	2.36	2.32	2.14	2.3	2.33	2.13	2.1	2.08	10.75	11.15	11.45	16.45
2.19	2.33	2.29	2.11	2.27	2.3	2.1	2.07	2.05	10.72	11.12	11.42	16.42	0.99532	0.99116	0.97208	0.9516	2.33	2.48	2.46	2.25	2.4	2.43	2.2	2.18	2.16	10.92	11.32	11.32	16.62
2.31	2.46	2.44	2.23	2.38	2.41	2.18	2.16	2.14	10.9	11.3	11.3	16.6	0.99532	0.99116	0.97208	0.9516	2.39	2.55	2.5	2.3	2.49	2.51	2.3	2.3	2.28	10.4	11.4	11.7	16.8
2.36	2.52	2.47	2.27	2.46	2.48	2.27	2.27	2.25	10.37	11.37	11.67	16.77	0.99532	0.99116	0.97208	0.9516	2.48	2.63	2.6	2.39	2.56	2.6	2.36	2.34	2.32	10.87	11.57	11.37	16.37
2.51	2.66	2.63	2.42	2.59	2.63	2.39	2.37	2.35	10.9	11.6	11.4	16.4	0.99532	0.99116	0.97208	0.9516	2.61	2.76	2.75	2.52	2.69	2.71	2.47	2.42	2.4	11.1	11.5	11.2	16.6
2.63	2.78	2.77	2.54	2.71	2.73	2.49	2.44	2.42	11.12	11.52	11.22	16.62	0.99532	0.99116	0.97208	0.9516	2.77	2.9	2.87	2.66	2.79	2.82	2.57	2.52	2.5	11.42	11.72	11.42	16.82
2.78	2.91	2.88	2.67	2.8	2.83	2.58	2.53	2.51	11.43	11.73	11.43	16.83	0.99532	0.99116	0.97208	0.9516	2.85	3	2.96	2.73	2.9	2.92	2.67	2.66	2.64	11.43	11.73	11.73	16.93
2.84	2.99	2.95	2.72	2.89	2.91	2.66	2.65	2.63	11.42	11.72	11.72	16.92	0.99532	0.99116	0.97208	0.9516	2.94	3.11	3.08	2.82	3.02	3.04	2.78	2.77	2.75	11.22	11.42	11.82	17.22
2.93	3.1	3.07	2.81	3.01	3.03	2.77	2.76	2.74	11.21	11.41	11.81	17.21	0.99532	0.99116	0.97208	0.9516	3.02	3.19	3.15	2.91	3.1	3.14	2.89	2.9	2.87	11.01	11.41	11.91	17.11
2.99	3.16	3.12	2.88	3.07	3.11	2.86	2.87	2.84	10.98	11.38	11.88	17.08	0.99532	0.99116	0.97208	0.9516	3.04	3.23	3.19	2.94	3.15	3.19	2.92	2.98	2.97	11.18	11.38	12.08	17.18
3.08	3.27	3.23	2.98	3.19	3.23	2.96	3.02	3.01	11.22	11.42	12.12	17.22	0.99532	0.99116	0.97208	0.9516	3.16	3.32	3.3	3.06	3.25	3.3	3.03	3.03	3	11.32	11.52	11.92	17.22
3.17	3.33	3.31	3.07	3.26	3.31	3.04	3.04	3.01	11.33	11.53	11.93	17.23	0.99532	0.99116	0.97208	0.9516	3.23	3.39	3.39	3.12	3.3	3.36	3.07	3.05	3.02	11.33	11.53	11.53	17.13
3.21	3.37	3.37	3.1	3.28	3.34	3.05	3.03	3	11.31	11.51	11.51	17.11	0.99532	0.99116	0.97208	0.9516	3.28	3.45	3.44	3.17	3.33	3.38	3.09	3.04	3.03	11.51	11.71	11.51	17.21
3.28	3.45	3.44	3.17	3.33	3.38	3.09	3.04	3.03	11.51	11.71	11.51	17.21	0.99532	0.99116	0.97208	0.9516	3.34	3.5	3.48	3.21	3.37	3.41	3.13	3.08	3.04	11.61	11.81	11.61	17.21
3.31	3.47	3.45	3.18	3.34	3.38	3.1	3.05	3.01	11.58	11.78	11.58	17.18	0.99532	0.99116	0.97208	0.9516	3.37	3.53	3.51	3.24	3.41	3.45	3.14	3.12	3.1	11.58	11.78	11.68	17.18
3.38	3.54	3.52	3.25	3.42	3.46	3.15	3.13	3.11	11.59	11.79	11.69	17.19	0.99532	0.99116	0.97208	0.9516	3.44	3.6	3.57	3.29	3.47	3.51	3.2	3.17	3.13	11.69	11.89	11.79	17.29
3.43	3.59	3.56	3.28	3.46	3.5	3.19	3.16	3.12	11.68	11.88	11.78	17.28	0.99532	0.99116	0.97208	0.9516	3.47	3.62	3.6	3.33	3.48	3.52	3.21	3.17	3.13	11.68	11.78	11.78	17.28
3.5	3.65	3.63	3.36	3.51	3.55	3.24	3.2	3.16	11.71	11.81	11.81	17.31	0.99532	0.99116	0.97208	0.9516	3.55	3.69	3.68	3.4	3.55	3.59	3.28	3.24	3.19	11.71	11.91	11.61	17.21
3.54	3.68	3.67	3.39	3.54	3.58	3.27	3.23	3.18	11.7	11.9	11.6	17.2	0.99532	0.99116	0.97208	0.9516	3.57	3.72	3.7	3.42	3.59	3.63	3.3	3.29	3.24	11.7	11.9	11.8	17.2
3.63	3.78	3.76	3.48	3.65	3.69	3.36	3.35	3.3	11.76	11.96	11.86	17.26	0.99532	0.99116	0.97208	0.9516	3.65	3.8	3.78	3.5	3.69	3.71	3.39	3.39	3.35	11.66	11.86	11.96	17.26
3.6	3.75	3.73	3.45	3.64	3.66	3.34	3.34	3.3	11.61	11.81	11.91	17.21	0.99532	0.99116	0.97208	0.9516	3.64	3.8	3.77	3.48	3.67	3.72	3.38	3.37	3.33	11.61	11.71	12.01	17.31
3.7	3.86	3.83	3.54	3.73	3.78	3.44	3.43	3.39	11.67	11.77	12.07	17.37	0.99532	0.99116	0.97208	0.9516	3.74	3.88	3.85	3.59	3.74	3.78	3.46	3.42	3.36	11.67	11.97	11.67	17.17
3.77	3.91	3.88	3.62	3.77	3.81	3.49	3.45	3.39	11.7	12	11.7	17.2	0	0	0	0	3.77	3.92	3.9	3.6	3.77	3.82	3.49	3.43	3.4	10.5	10.6	9.6	14.3
3.72	3.87	3.85	3.55	3.72	3.77	3.44	3.38	3.35	10.45	10.55	9.55	14.25	0	0	0	0	3.71	3.82	3.82	3.54	3.67	3.72	3.41	3.35	3.31	7.65	7.35	5.75	8.85
3.74	3.85	3.85	3.57	3.7	3.75	3.44	3.38	3.34	7.68	7.38	5.78	8.88	0	0	0	0	3.63	3.74	3.72	3.48	3.59	3.65	3.39	3.31	3.25	5.68	5.18	4.28	6.18
3.61	3.72	3.7	3.46	3.57	3.63	3.37	3.29	3.23	5.66	5.16	4.26	6.16	0	0	0	0	3.46	3.56	3.56	3.34	3.44	3.49	3.29	3.23	3.19	4.36	4.06	3.46	4.66
3.49	3.59	3.59	3.37	3.47	3.52	3.32	3.26	3.22	4.39	4.09	3.49	4.69	0	0	0	0	3.36	3.44	3.44	3.25	3.33	3.37	3.21	3.15	3.15	3.59	3.29	2.79	3.59
3.36	3.44	3.44	3.25	3.33	3.37	3.21	3.15	3.15	3.59	3.29	2.79	3.59	0	0	0	0	3.19	3.26	3.27	3.1	3.18	3.22	3.08	2.99	2.96	3.09	2.69	2.39	2.79
3.11	3.18	3.19	3.02	3.1	3.14	3	2.91	2.88	3.01	2.61	2.31	2.71	0	0	0	0	2.98	3.05	3.04	2.89	2.96	3	2.89	2.8	2.76	2.61	2.41	2.11	2.31
2.95	3.02	3.01	2.86	2.93	2.97	2.86	2.77	2.73	2.58	2.38	2.08	2.28	0	0	0	0	2.71	2.77	2.77	2.67	2.72	2.75	2.67	2.54	2.45	2.18	1.98	1.68	1.78
2.74	2.8	2.8	2.7	2.75	2.78	2.7	2.57	2.48	2.21	2.01	1.71	1.81	0	0	0	0	2.63	2.67	2.67	2.53	2.6	2.65	2.55	2.43	2.4	2.01	1.91	1.61	1.61
2.6	2.64	2.64	2.5	2.57	2.62	2.52	2.4	2.37	1.98	1.88	1.58	1.58	0	0	0	0	2.45	2.51	2.5	2.4	2.45	2.47	2.41	2.3	2.29	1.68	1.58	1.38	1.28
2.36	2.42	2.41	2.31	2.36	2.38	2.32	2.21	2.2	1.59	1.49	1.29	1.19	0	0	0	0	2.26	2.3	2.28	2.19	2.22	2.25	2.2	2.09	2.09	1.49	1.39	1.19	1.09
2.28	2.32	2.3	2.21	2.24	2.27	2.22	2.11	2.11	1.51	1.41	1.21	1.11	0	0	0	0	2.17	2.2	2.19	2.09	2.13	2.17	2.13	1.99	1.98	1.31	1.21	1.11	1.01
2.18	2.21	2.2	2.1	2.14	2.18	2.14	2	1.99	1.32	1.22	1.12	1.02	0	0	0	0	2.07	2.09	2.09	1.99	2.03	2.07	2.02	1.91	1.87	1.32	1.22	1.02	0.92
2.07	2.09	2.09	1.99	2.03	2.07	2.02	1.91	1.87	1.32	1.22	1.02	0.92	0	0	0	0	1.97	2	1.99	1.91	1.94	1.97	1.93	1.82	1.79	1.22	1.12	0.92	0.82
1.96	1.99	1.98	1.9	1.93	1.96	1.92	1.81	1.78	1.21	1.11	0.91	0.81	0	0	0	0	1.86	1.89	1.87	1.81	1.84	1.86	1.82	1.72	1.71	1.11	1.01	0.91	0.71
1.87	1.9	1.88	1.82	1.85	1.87	1.83	1.73	1.72	1.12	1.02	0.92	0.72	0	0	0	0	1.78	1.81	1.79	1.72	1.76	1.78	1.76	1.64	1.64	1.02	0.92	0.82	0.62
1.78	1.81	1.79	1.72	1.76	1.78	1.76	1.64	1.64	1.02	0.92	0.82	0.62	0	0	0	0	1.7	1.72	1.7	1.64	1.68	1.7	1.67	1.55	1.54	0.92	0.92	0.72	0.62
1.7	1.72	1.7	1.64	1.68	1.7	1.67	1.55	1.54	0.92	0.92	0.72	0.62	0	0	0	0	1.6	1.63	1.62	1.55	1.58	1.6	1.58	1.46	1.47	0.92	0.82	0.62	0.52
1.6	1.63	1.62	1.55	1.58	1.6	1.58	1.46	1.47	0.92	0.82	0.62	0.52	0	0	0	0	1.54	1.55	1.55	1.49	1.51	1.52	1.51	1.4	1.37	0.82	0.72	0.62	0.52
1.57	1.58	1.58	1.52	1.54	1.55	1.54	1.43	1.4	0.85	0.75	0.65	0.55	0	0	0	0	1.48	1.51	1.5	1.43	1.45	1.48	1.46	1.34	1.33	0.75	0.65	0.55	0.45
1.49	1.52	1.51	1.44	1.46	1.49	1.47	1.35	1.34	0.76	0.66	0.56	0.46	0	0	0	0	1.44	1.46	1.44	1.37	1.41	1.44	1.42	1.3	1.28	0.76	0.66	0.56	0.46
1.49	1.51	1.49	1.42	1.46	1.49	1.47	1.35	1.33	0.81	0.71	0.61	0.51	0	0	0	0	1.4	1.43	1.42	1.35	1.38	1.4	1.39	1.27	1.26	0.71	0.71	0.51	0.41
1.37	1.4	1.39	1.32	1.35	1.37	1.36	1.24	1.23	0.68	0.68	0.48	0.38	0	0	0	0	1.3	1.32	1.32	1.26	1.29	1.31	1.29	1.18	1.18	0.68	0.58	0.48	0.38
1.37	1.39	1.39	1.33	1.36	1.38	1.36	1.25	1.25	0.75	0.65	0.55	0.45	0	0	0	0	1.28	1.32	1.32	1.25	1.27	1.31	1.28	1.15	1.14	0.75	0.75	0.55	0.45
1.26	1.3	1.3	1.23	1.25	1.29	1.26	1.13	1.12	0.73	0.73	0.53	0.43	0	0	0	0	1.2	1.23	1.23	1.16	1.19	1.21	1.19	1.08	1.06	0.73	0.73	0.53	0.43
1.17	1.2	1.2	1.13	1.16	1.18	1.16	1.05	1.03	0.7	0.7	0.5	0.4	0	0	0	0	1.13	1.14	1.14	1.07	1.1	1.13	1.1	0.99	0.97	0.7	0.7	0.5	0.4
1.05	1.06	1.06	0.99	1.02	1.05	1.02	0.91	0.89	0.62	0.62	0.42	0.32	0	0	0	0	1	1.01	1.02	0.95	0.98	1.01	0.98	0.86	0.86	0.62	0.62	0.42	0.32
1.02	1.03	1.04	0.97	1	1.03	1	0.88	0.88	0.64	0.64	0.44	0.34	0	0	0	0	0.99	1	1	0.94	0.95	0.99	0.97	0.85	0.85	0.64	0.64	0.44	0.34
0.95	0.96	0.96	0.9	0.91	0.95	0.93	0.81	0.81	0.6	0.6	0.4	0.3	0	0	0	0	0.93	0.94	0.93	0.87	0.89	0.93	0.91	0.8	0.8	0.5	0.5	0.4	0.3
1.05	1.06	1.05	0.99	1.01	1.05	1.03	0.92	0.92	0.62	0.62	0.52	0.42	0	0	0	0	0.99	1.01	1.01	0.94	0.97	1.01	0.99	0.86	0.87	0.62	0.62	0.42	0.42
0.98	1	1	0.93	0.96	1	0.98	0.85	0.86	0.61	0.61	0.41	0.41	0.99532	0.99116	0.97208	0.9516	0.96	0.98	0.96	0.9	0.93	0.96	0.95	0.84	0.85	1.91	1.91	2.51	3.51
0.87	0.89	0.87	0.81	0.84	0.87	0.86	0.75	0.76	1.82	1.82	2.42	3.42	0.99532	0.99116	0.97208	0.9516	0.91	0.94	0.93	0.87	0.93	0.94	0.94	0.85	0.86	4.72	5.22	6.62	9.22
0.91	0.94	0.93	0.87	0.93	0.94	0.94	0.85	0.86	4.72	5.22	6.62	9.22	0.99532	0.99116	0.97208	0.9516	1.03	1.09	1.05	1	1.08	1.07	1.03	0.98	0.99	6.62	7.42	8.52	12.22
1.03	1.09	1.05	1	1.08	1.07	1.03	0.98	0.99	6.62	7.42	8.52	12.22	0.99532	0.99116	0.97208	0.9516	1.19	1.27	1.22	1.14	1.25	1.25	1.18	1.13	1.14	7.92	8.72	9.52	14.02
1.22	1.3	1.25	1.17	1.28	1.28	1.21	1.16	1.17	7.95	8.75	9.55	14.05	0.99532	0.99116	0.97208	0.9516	1.38	1.48	1.42	1.33	1.47	1.47	1.38	1.35	1.36	8.65	9.35	10.35	15.15
1.35	1.45	1.39	1.3	1.44	1.44	1.35	1.32	1.33	8.62	9.32	10.32	15.12	0.99532	0.99116	0.97208	0.9516	1.51	1.62	1.57	1.46	1.58	1.6	1.46	1.44	1.45	9.32	10.02	10.52	15.62
1.46	1.57	1.52	1.41	1.53	1.55	1.41	1.39	1.4	9.27	9.97	10.47	15.57	0.99532	0.99116	0.97208	0.9516	1.65	1.78	1.72	1.58	1.73	1.76	1.58	1.58	1.59	9.77	10.37	10.87	16.07
1.74	1.87	1.81	1.67	1.82	1.85	1.67	1.67	1.68	9.86	10.46	10.96	16.16	0.99532	0.99116	0.97208	0.9516	1.9	2.03	2	1.82	1.97	2	1.8	1.78	1.77	10.26	10.86	11.06	16.56
1.89	2.02	1.99	1.81	1.96	1.99	1.79	1.77	1.76	10.25	10.85	11.05	16.55	0.99532	0.99116	0.97208	0.9516	2.05	2.17	2.15	1.96	2.09	2.13	1.92	1.89	1.89	10.45	10.85	11.15	16.65
2.03	2.15	2.13	1.94	2.07	2.11	1.9	1.87	1.87	10.43	10.83	11.13	16.63	0.99532	0.99116	0.97208	0.9516	2.2	2.32	2.29	2.1	2.23	2.26	2.03	2	2	10.63	11.13	11.23	16.83
2.28	2.4	2.37	2.18	2.31	2.34	2.11	2.08	2.08	10.71	11.21	11.31	16.91	0.99532	0.99116	0.97208	0.9516	2.39	2.53	2.49	2.29	2.42	2.45	2.22	2.21	2.14	11.01	11.31	11.21	16.81
2.39	2.53	2.49	2.29	2.42	2.45	2.22	2.21	2.14	11.01	11.31	11.21	16.81	0.99532	0.99116	0.97208	0.9516	2.51	2.65	2.61	2.41	2.59	2.6	2.39	2.45	2.43	10.61	10.71	11.31	16.81
2.52	2.66	2.62	2.42	2.6	2.61	2.4	2.46	2.44	10.62	10.72	11.32	16.82	0.99532	0.99116	0.97208	0.9516	2.63	2.79	2.75	2.53	2.71	2.75	2.52	2.54	2.53	10.82	10.92	11.62	16.92
2.57	2.73	2.69	2.47	2.65	2.69	2.46	2.48	2.47	10.76	10.86	11.56	16.86	0.99532	0.99116	0.97208	0.9516	2.69	2.84	2.8	2.59	2.78	2.8	2.57	2.6	2.6	10.96	11.16	11.76	17.06
2.64	2.79	2.75	2.54	2.73	2.75	2.52	2.55	2.55	10.91	11.11	11.71	17.01	0.99532	0.99116	0.97208	0.9516	2.74	2.91	2.88	2.66	2.83	2.86	2.63	2.62	2.6	11.01	11.21	11.71	17.11
2.77	2.94	2.91	2.69	2.86	2.89	2.66	2.65	2.63	11.04	11.24	11.74	17.14	0.99532	0.99116	0.97208	0.9516	2.89	3.03	2.99	2.79	2.97	2.99	2.77	2.78	2.74	10.84	11.24	11.74	17.04
2.9	3.04	3	2.8	2.98	3	2.78	2.79	2.75	10.85	11.25	11.75	17.05	0.99532	0.99116	0.97208	0.9516	2.97	3.15	3.11	2.88	3.11	3.12	2.88	2.94	2.96	10.85	11.15	11.95	17.25
3.02	3.2	3.16	2.93	3.16	3.17	2.93	2.99	3.01	10.9	11.2	12	17.3	0.99532	0.99116	0.97208	0.9516	3.11	3.29	3.24	3.04	3.26	3.26	3.04	3.11	3.12	10.8	11.2	12.1	17.4
3.09	3.27	3.22	3.02	3.24	3.24	3.02	3.09	3.1	10.78	11.18	12.08	17.38	0.99532	0.99116	0.97208	0.9516	3.19	3.35	3.3	3.1	3.3	3.32	3.09	3.13	3.11	10.98	11.28	12.08	17.38
3.15	3.31	3.26	3.06	3.26	3.28	3.05	3.09	3.07	10.94	11.24	12.04	17.34	0.99532	0.99116	0.97208	0.9516	3.22	3.38	3.34	3.12	3.33	3.34	3.1	3.14	3.12	11.04	11.44	11.84	17.34
3.26	3.42	3.38	3.16	3.37	3.38	3.14	3.18	3.16	11.08	11.48	11.88	17.38	0.99532	0.99116	0.97208	0.9516	3.32	3.48	3.44	3.21	3.42	3.44	3.18	3.24	3.19	11.18	11.68	11.68	17.38
3.29	3.45	3.41	3.18	3.39	3.41	3.15	3.21	3.16	11.15	11.65	11.65	17.35	0.99532	0.99116	0.97208	0.9516	3.36	3.5	3.45	3.25	3.42	3.46	3.19	3.17	3.1	11.35	11.55	11.65	17.25
3.15	3.29	3.24	3.04	3.21	3.25	2.98	2.96	2.89	11.14	11.34	11.44	17.04	0.99532	0.99116	0.97208	0.9516	3.19	3.33	3.26	3.1	3.24	3.26	3.03	3.01	2.96	11.24	11.44	11.54	16.84
3.29	3.43	3.36	3.2	3.34	3.36	3.13	3.11	3.06	11.34	11.54	11.64	16.94	0.99532	0.99116	0.97208	0.9516	3.37	3.49	3.42	3.25	3.39	3.4	3.2	3.18	3.1	11.24	11.44	11.74	17.14
3.39	3.51	3.44	3.27	3.41	3.42	3.22	3.2	3.12	11.26	11.46	11.76	17.16	0.99532	0.99116	0.97208	0.9516	3.45	3.58	3.52	3.32	3.49	3.49	3.29	3.29	3.23	11.06	11.26	11.86	17.26
3.52	3.65	3.59	3.39	3.56	3.56	3.36	3.36	3.3	11.13	11.33	11.93	17.33	0.99532	0.99116	0.97208	0.9516	3.56	3.7	3.63	3.46	3.62	3.6	3.45	3.42	3.32	11.13	11.33	12.03	17.23
3.55	3.69	3.62	3.45	3.61	3.59	3.44	3.41	3.31	11.12	11.32	12.02	17.22	0.99532	0.99116	0.97208	0.9516	3.59	3.73	3.66	3.49	3.65	3.64	3.46	3.47	3.44	11.12	11.42	11.92	17.02
3.56	3.7	3.63	3.46	3.62	3.61	3.43	3.44	3.41	11.09	11.39	11.89	16.99	0.99532	0.99116	0.97208	0.9516	3.6	3.73	3.67	3.51	3.64	3.64	3.45	3.39	3.32	11.39	11.89	11.89	17.19
3.58	3.71	3.65	3.49	3.62	3.62	3.43	3.37	3.3	11.37	11.87	11.87	17.17	0.99532	0.99116	0.97208	0.9516	3.62	3.74	3.66	3.51	3.67	3.64	3.46	3.44	3.35	11.17	11.37	11.97	17.17
3.67	3.79	3.71	3.56	3.72	3.69	3.51	3.49	3.4	11.22	11.42	12.02	17.22	0.99532	0.99116	0.97208	0.9516	3.72	3.85	3.77	3.59	3.78	3.77	3.56	3.58	3.57	11.02	11.22	11.92	17.12
3.76	3.89	3.81	3.63	3.82	3.81	3.6	3.62	3.61	11.06	11.26	11.96	17.16	0	0	0	0	3.78	3.91	3.83	3.69	3.83	3.81	3.64	3.59	3.51	9.86	10.06	9.96	14.16
3.78	3.91	3.83	3.69	3.83	3.81	3.64	3.59	3.51	9.86	10.06	9.96	14.16	0	0	0	0	3.73	3.84	3.78	3.62	3.74	3.76	3.57	3.51	3.44	6.86	6.56	6.16	8.76
3.74	3.85	3.79	3.63	3.75	3.77	3.58	3.52	3.45	6.87	6.57	6.17	8.77	0	0	0	0	3.63	3.72	3.65	3.51	3.6	3.63	3.45	3.37	3.33	5.27	5.07	4.27	5.97
3.63	3.72	3.65	3.51	3.6	3.63	3.45	3.37	3.33	5.27	5.07	4.27	5.97	0	0	0	0	3.47	3.54	3.52	3.36	3.43	3.47	3.3	3.2	3.13	4.17	3.97	3.17	4.37
3.47	3.54	3.52	3.36	3.43	3.47	3.3	3.2	3.13	4.17	3.97	3.17	4.37	0	0	0	0	3.33	3.38	3.36	3.2	3.28	3.31	3.16	3.05	3.01	3.57	3.27	2.57	3.17
3.35	3.4	3.38	3.22	3.3	3.33	3.18	3.07	3.03	3.59	3.29	2.59	3.19	0	0	0	0	3.2	3.24	3.21	3.07	3.15	3.17	3.04	2.94	2.89	2.99	2.69	2.19	2.59
3.22	3.26	3.23	3.09	3.17	3.19	3.06	2.96	2.91	3.01	2.71	2.21	2.61	0	0	0	0	3.06	3.09	3.08	2.95	2.99	3.03	2.9	2.77	2.72	2.61	2.41	1.81	2.01
3.04	3.07	3.06	2.93	2.97	3.01	2.88	2.75	2.7	2.59	2.39	1.79	1.99	0	0	0	0	2.9	2.93	2.91	2.8	2.82	2.87	2.77	2.65	2.6	2.29	1.99	1.59	1.69
2.91	2.94	2.92	2.81	2.83	2.88	2.78	2.66	2.61	2.3	2	1.6	1.7	0	0	0	0	2.78	2.79	2.77	2.66	2.71	2.73	2.64	2.52	2.47	2	1.9	1.4	1.4
2.8	2.81	2.79	2.68	2.73	2.75	2.66	2.54	2.49	2.02	1.92	1.42	1.42	0	0	0	0	2.66	2.68	2.66	2.56	2.59	2.61	2.54	2.41	2.38	1.92	1.72	1.42	1.32
2.6	2.62	2.6	2.5	2.53	2.55	2.48	2.35	2.32	1.86	1.66	1.36	1.26	0	0	0	0	2.46	2.47	2.44	2.36	2.4	2.42	2.35	2.24	2.22	1.66	1.56	1.16	1.06
2.51	2.52	2.49	2.41	2.45	2.47	2.4	2.29	2.27	1.71	1.61	1.21	1.11	0	0	0	0	2.41	2.41	2.38	2.32	2.34	2.36	2.3	2.19	2.17	1.61	1.51	1.11	1.01
2.39	2.39	2.36	2.3	2.32	2.34	2.28	2.17	2.15	1.59	1.49	1.09	0.99	0	0	0	0	2.26	2.26	2.25	2.17	2.19	2.22	2.17	2.04	2.01	1.49	1.39	0.99	0.89
2.27	2.27	2.26	2.18	2.2	2.23	2.18	2.05	2.02	1.5	1.4	1	0.9	0	0	0	0	2.14	2.16	2.13	2.06	2.09	2.11	2.06	1.93	1.89	1.3	1.2	0.9	0.8
2.12	2.14	2.11	2.04	2.07	2.09	2.04	1.91	1.87	1.28	1.18	0.88	0.78	0	0	0	0	2.01	2.01	2	1.93	1.96	1.98	1.94	1.82	1.79	1.18	1.08	0.88	0.68
1.99	1.99	1.98	1.91	1.94	1.96	1.92	1.8	1.77	1.16	1.06	0.86	0.66	0	0	0	0	1.89	1.9	1.89	1.82	1.85	1.86	1.83	1.7	1.67	1.16	1.16	0.86	0.66
1.93	1.94	1.93	1.86	1.89	1.9	1.87	1.74	1.71	1.2	1.2	0.9	0.7	0	0	0	0	1.85	1.85	1.84	1.77	1.79	1.82	1.78	1.66	1.64	1.2	1.1	0.8	0.7
1.87	1.87	1.86	1.79	1.81	1.84	1.8	1.68	1.66	1.22	1.12	0.82	0.72	0	0	0	0	1.78	1.8	1.79	1.71	1.74	1.77	1.73	1.61	1.59	1.22	1.12	0.82	0.72
1.75	1.77	1.76	1.68	1.71	1.74	1.7	1.58	1.56	1.19	1.09	0.79	0.69	0	0	0	0	1.67	1.68	1.67	1.6	1.61	1.63	1.61	1.48	1.47	1.09	0.99	0.69	0.59
1.68	1.69	1.68	1.61	1.62	1.64	1.62	1.49	1.48	1.1	1	0.7	0.6	0	0	0	0	1.61	1.61	1.59	1.53	1.55	1.58	1.54	1.41	1.4	1.1	1	0.7	0.6
1.59	1.59	1.57	1.51	1.53	1.56	1.52	1.39	1.38	1.08	0.98	0.68	0.58	0	0	0	0	1.51	1.52	1.52	1.44	1.48	1.5	1.47	1.34	1.32	1.08	0.98	0.68	0.58
1.49	1.5	1.5	1.42	1.46	1.48	1.45	1.32	1.3	1.06	0.96	0.66	0.56	0	0	0	0	1.43	1.44	1.42	1.35	1.38	1.41	1.38	1.26	1.26	0.96	0.86	0.66	0.56
1.48	1.49	1.47	1.4	1.43	1.46	1.43	1.31	1.31	1.01	0.91	0.71	0.61	0	0	0	0	1.42	1.43	1.41	1.35	1.37	1.41	1.37	1.24	1.23	1.01	0.91	0.61	0.51
1.41	1.42	1.4	1.34	1.36	1.4	1.36	1.23	1.22	1	0.9	0.6	0.5	0	0	0	0	1.35	1.37	1.35	1.28	1.3	1.34	1.3	1.17	1.17	1	0.9	0.6	0.5
1.33	1.35	1.33	1.26	1.28	1.32	1.28	1.15	1.15	0.98	0.88	0.58	0.48	0	0	0	0	1.28	1.29	1.29	1.21	1.24	1.27	1.23	1.11	1.09	0.88	0.88	0.58	0.48
1.19	1.2	1.2	1.12	1.15	1.18	1.14	1.02	1	0.79	0.79	0.49	0.39	0	0	0	0	1.15	1.17	1.15	1.08	1.11	1.14	1.1	0.97	0.96	0.79	0.69	0.39	0.39
1.2	1.22	1.2	1.13	1.16	1.19	1.15	1.02	1.01	0.84	0.74	0.44	0.44	0	0	0	0	1.15	1.17	1.15	1.09	1.11	1.15	1.1	0.99	0.96	0.84	0.74	0.44	0.44
1.13	1.15	1.13	1.07	1.09	1.13	1.08	0.97	0.94	0.82	0.72	0.42	0.42	0	0	0	0	1.1	1.1	1.1	1.03	1.06	1.09	1.06	0.93	0.93	0.82	0.72	0.42	0.42
1.12	1.12	1.12	1.05	1.08	1.11	1.08	0.95	0.95	0.84	0.74	0.44	0.44	0	0	0	0	1.07	1.08	1.07	1	1.02	1.05	1.01	0.9	0.89	0.74	0.64	0.44	0.34
1.14	1.15	1.14	1.07	1.09	1.12	1.08	0.97	0.96	0.81	0.71	0.51	0.41	0	0	0	0	1.09	1.11	1.1	1.02	1.05	1.08	1.06	0.93	0.93	0.81	0.71	0.41	0.41
1.06	1.08	1.07	0.99	1.02	1.05	1.03	0.9	0.9	0.78	0.68	0.38	0.38	0.99532	0.99116	0.97208	0.9516	1.03	1.04	1.03	0.96	0.99	1.01	0.99	0.88	0.89	1.98	1.98	2.48	3.58
1.06	1.07	1.06	0.99	1.02	1.04	1.02	0.91	0.92	2.01	2.01	2.51	3.61	0.99532	0.99116	0.97208	0.9516	1.09	1.12	1.1	1.03	1.08	1.1	1.07	0.96	0.96	5.21	5.61	6.41	9.61
1.07	1.1	1.08	1.01	1.06	1.08	1.05	0.94	0.94	5.19	5.59	6.39	9.59	0.99532	0.99116	0.97208	0.9516	1.19	1.25	1.21	1.12	1.2	1.22	1.16	1.08	1.07	7.09	7.69	8.39	12.79
1.18	1.24	1.2	1.11	1.19	1.21	1.15	1.07	1.06	7.08	7.68	8.38	12.78	0.99532	0.99116	0.97208	0.9516	1.3	1.38	1.35	1.25	1.35	1.37	1.28	1.24	1.24	8.18	8.88	9.38	14.58
1.3	1.38	1.35	1.25	1.35	1.37	1.28	1.24	1.24	8.18	8.88	9.38	14.58	0.99532	0.99116	0.97208	0.9516	1.47	1.58	1.53	1.42	1.54	1.56	1.43	1.39	1.39	9.08	9.58	10.08	15.68
1.46	1.57	1.52	1.41	1.53	1.55	1.42	1.38	1.38	9.07	9.57	10.07	15.67	0.99532	0.99116	0.97208	0.9516	1.63	1.73	1.7	1.55	1.69	1.71	1.55	1.52	1.52	9.67	10.17	10.37	16.27
1.62	1.72	1.69	1.54	1.68	1.7	1.54	1.51	1.51	9.66	10.16	10.36	16.26	0.99532	0.99116	0.97208	0.9516	1.78	1.91	1.9	1.72	1.87	1.89	1.7	1.68	1.68	10.06	10.46	10.66	16.76
1.83	1.96	1.95	1.77	1.92	1.94	1.75	1.73	1.73	10.11	10.51	10.71	16.81	0.99532	0.99116	0.97208	0.9516	1.99	2.12	2.1	1.92	2.06	2.09	1.87	1.86	1.88	10.51	11.01	10.81	17.01
1.96	2.09	2.07	1.89	2.03	2.06	1.84	1.83	1.85	10.48	10.98	10.78	16.98	0.99532	0.99116	0.97208	0.9516	2.12	2.27	2.23	2.02	2.18	2.2	1.98	1.94	1.94	10.68	11.18	10.78	17.08
2.12	2.27	2.23	2.02	2.18	2.2	1.98	1.94	1.94	10.68	11.18	10.78	17.08	0.99532	0.99116	0.97208	0.9516	2.28	2.42	2.37	2.18	2.31	2.35	2.12	2.1	2.09	10.78	11.08	11.08	17.38
2.23	2.37	2.32	2.13	2.26	2.3	2.07	2.05	2.04	10.73	11.03	11.03	17.33	0.99532	0.99116	0.97208	0.9516	2.37	2.5	2.48	2.25	2.4	2.44	2.18	2.15	2.14	10.93	11.23	11.13	17.43
2.42	2.55	2.53	2.3	2.45	2.49	2.23	2.2	2.19	10.98	11.28	11.18	17.48	0.99532	0.99116	0.97208	0.9516	2.52	2.67	2.64	2.4	2.55	2.62	2.34	2.31	2.3	11.18	11.38	11.08	17.58
2.53	2.68	2.65	2.41	2.56	2.63	2.35	2.32	2.31	11.19	11.39	11.09	17.59	0.99532	0.99116	0.97208	0.9516	2.66	2.81	2.78	2.53	2.7	2.75	2.47	2.45	2.43	11.09	11.39	11.19	17.59
2.62	2.77	2.74	2.49	2.66	2.71	2.43	2.41	2.39	11.05	11.35	11.15	17.55	0.99532	0.99116	0.97208	0.9516	2.71	2.87	2.84	2.6	2.75	2.8	2.52	2.47	2.47	11.35	11.65	11.25	17.55
2.7	2.86	2.83	2.59	2.74	2.79	2.51	2.46	2.46	11.34	11.64	11.24	17.54	0.99532	0.99116	0.97208	0.9516	2.79	2.95	2.92	2.67	2.84	2.87	2.58	2.56	2.53	11.34	11.64	11.14	17.34
2.8	2.96	2.93	2.68	2.85	2.88	2.59	2.57	2.54	11.35	11.65	11.15	17.35	0.99532	0.99116	0.97208	0.9516	2.92	3.07	3.03	2.77	2.94	2.99	2.71	2.69	2.68	11.45	11.55	11.35	17.35
2.93	3.08	3.04	2.78	2.95	3	2.72	2.7	2.69	11.46	11.56	11.36	17.36	0.99532	0.99116	0.97208	0.9516	3.01	3.16	3.14	2.86	3.07	3.1	2.81	2.83	2.83	11.36	11.56	11.36	17.46
3.02	3.17	3.15	2.87	3.08	3.11	2.82	2.84	2.84	11.37	11.57	11.37	17.47	0.99532	0.99116	0.97208	0.9516	3.1	3.26	3.23	2.96	3.17	3.21	2.91	2.94	2.94	11.27	11.37	11.37	17.37
3.1	3.26	3.23	2.96	3.17	3.21	2.91	2.94	2.94	11.27	11.37	11.37	17.37	0.99532	0.99116	0.97208	0.9516	3.18	3.33	3.32	3.05	3.23	3.28	2.96	2.96	2.94	11.17	11.37	11.37	17.47
3.22	3.37	3.36	3.09	3.27	3.32	3	3	2.98	11.21	11.41	11.41	17.51	0.99532	0.99116	0.97208	0.9516	3.28	3.42	3.4	3.13	3.31	3.37	3.04	3.03	3.01	11.41	11.61	11.21	17.41
3.26	3.4	3.38	3.11	3.29	3.35	3.02	3.01	2.99	11.39	11.59	11.19	17.39	0.99532	0.99116	0.97208	0.9516	3.31	3.47	3.45	3.18	3.34	3.4	3.07	3.08	3.06	11.49	11.69	11.29	17.59
3.27	3.43	3.41	3.14	3.3	3.36	3.03	3.04	3.02	11.45	11.65	11.25	17.55	0.99532	0.99116	0.97208	0.9516	3.36	3.49	3.48	3.2	3.37	3.41	3.09	3.09	3.05	11.55	11.65	11.35	17.55
3.37	3.5	3.49	3.21	3.38	3.42	3.1	3.1	3.06	11.56	11.66	11.36	17.56	0.99532	0.99116	0.97208	0.9516	3.39	3.57	3.53	3.25	3.47	3.49	3.18	3.21	3.19	11.56	11.56	11.66	17.76
3.39	3.57	3.53	3.25	3.47	3.49	3.18	3.21	3.19	11.56	11.56	11.66	17.76	0.99532	0.99116	0.97208	0.9516	3.42	3.6	3.59	3.3	3.52	3.58	3.25	3.31	3.3	11.36	11.46	11.66	17.76
3.35	3.53	3.52	3.23	3.45	3.51	3.18	3.24	3.23	11.29	11.39	11.59	17.69	0.99532	0.99116	0.97208	0.9516	3.42	3.59	3.56	3.3	3.5	3.52	3.24	3.26	3.23	11.29	11.59	11.59	17.49
3.52	3.69	3.66	3.4	3.6	3.62	3.34	3.36	3.33	11.39	11.69	11.69	17.59	0.99532	0.99116	0.97208	0.9516	3.57	3.74	3.71	3.45	3.63	3.68	3.38	3.37	3.33	11.59	11.79	11.59	17.59
3.54	3.71	3.68	3.42	3.6	3.65	3.35	3.34	3.3	11.56	11.76	11.56	17.56	0.99532	0.99116	0.97208	0.9516	3.6	3.74	3.72	3.46	3.61	3.66	3.36	3.32	3.28	11.66	11.86	11.36	17.56
3.64	3.78	3.76	3.5	3.65	3.7	3.4	3.36	3.32	11.7	11.9	11.4	17.6	0.99532	0.99116	0.97208	0.9516	3.66	3.8	3.78	3.52	3.66	3.71	3.4	3.36	3.32	11.8	11.9	11.3	17.6
3.62	3.76	3.74	3.48	3.62	3.67	3.36	3.32	3.28	11.76	11.86	11.26	17.56	0.99532	0.99116	0.97208	0.9516	3.64	3.8	3.77	3.5	3.68	3.72	3.4	3.4	3.36	11.66	11.76	11.36	17.56
3.65	3.81	3.78	3.51	3.69	3.73	3.41	3.41	3.37	11.67	11.77	11.37	17.57	0.99532	0.99116	0.97208	0.9516	3.7	3.86	3.81	3.52	3.73	3.76	3.45	3.46	3.43	11.47	11.57	11.37	17.67
3.7	3.86	3.81	3.52	3.73	3.76	3.45	3.46	3.43	11.47	11.57	11.37	17.67	0	0	0	0	3.66	3.83	3.83	3.53	3.7	3.77	3.42	3.4	3.34	10.17	10.57	9.17	14.47
3.62	3.79	3.79	3.49	3.66	3.73	3.38	3.36	3.3	10.13	10.53	9.13	14.43	0	0	0	0	3.59	3.73	3.72	3.42	3.56	3.64	3.32	3.26	3.21	7.43	7.23	5.33	8.73
3.62	3.76	3.75	3.45	3.59	3.67	3.35	3.29	3.24	7.46	7.26	5.36	8.76	0	0	0	0	3.52	3.64	3.63	3.36	3.48	3.55	3.26	3.17	3.12	5.86	5.36	3.86	6.16
3.46	3.58	3.57	3.3	3.42	3.49	3.2	3.11	3.06	5.8	5.3	3.8	6.1	0	0	0	0	3.36	3.44	3.44	3.2	3.3	3.36	3.1	2.99	2.95	4.7	4.2	3	4.4
3.41	3.49	3.49	3.25	3.35	3.41	3.15	3.04	3	4.75	4.25	3.05	4.45	0	0	0	0	3.26	3.33	3.32	3.11	3.18	3.25	3.02	2.91	2.87	3.95	3.55	2.45	3.45
3.24	3.31	3.3	3.09	3.16	3.23	3	2.89	2.85	3.93	3.53	2.43	3.43	0	0	0	0	3.09	3.15	3.14	2.95	3.02	3.07	2.88	2.78	2.72	3.33	2.93	2.03	2.63
3.16	3.22	3.21	3.02	3.09	3.14	2.95	2.85	2.79	3.4	3	2.1	2.7	0	0	0	0	3.02	3.06	3.06	2.89	2.95	3	2.82	2.74	2.71	2.8	2.5	1.8	2.2
2.98	3.02	3.02	2.85	2.91	2.96	2.78	2.7	2.67	2.76	2.46	1.76	2.16	0	0	0	0	2.8	2.85	2.85	2.7	2.76	2.8	2.66	2.53	2.5	2.46	2.16	1.56	1.76
2.77	2.82	2.82	2.67	2.73	2.77	2.63	2.5	2.47	2.43	2.13	1.53	1.73	0	0	0	0	2.66	2.68	2.68	2.54	2.59	2.63	2.53	2.39	2.35	2.13	1.93	1.33	1.53
2.7	2.72	2.72	2.58	2.63	2.67	2.57	2.43	2.39	2.17	1.97	1.37	1.57	0	0	0	0	2.56	2.58	2.58	2.46	2.5	2.54	2.44	2.31	2.27	1.97	1.67	1.27	1.27
2.54	2.56	2.56	2.44	2.48	2.52	2.42	2.29	2.25	1.95	1.65	1.25	1.25	0	0	0	0	2.41	2.42	2.41	2.31	2.36	2.39	2.32	2.2	2.17	1.75	1.55	1.15	1.15
2.39	2.4	2.39	2.29	2.34	2.37	2.3	2.18	2.15	1.73	1.53	1.13	1.13	0	0	0	0	2.27	2.3	2.28	2.18	2.22	2.25	2.18	2.05	2.01	1.53	1.43	1.03	1.03
2.25	2.28	2.26	2.16	2.2	2.23	2.16	2.03	1.99	1.51	1.41	1.01	1.01	0	0	0	0	2.14	2.17	2.16	2.06	2.09	2.12	2.07	1.95	1.93	1.41	1.21	0.91	0.91
2.18	2.21	2.2	2.1	2.13	2.16	2.11	1.99	1.97	1.45	1.25	0.95	0.95	0	0	0	0	2.07	2.09	2.1	2	2.04	2.06	2.01	1.88	1.86	1.25	1.15	0.85	0.85
2.08	2.1	2.11	2.01	2.05	2.07	2.02	1.89	1.87	1.26	1.16	0.86	0.86	0	0	0	0	1.98	1.99	1.99	1.9	1.94	1.96	1.93	1.81	1.8	1.16	1.06	0.86	0.76
1.94	1.95	1.95	1.86	1.9	1.92	1.89	1.77	1.76	1.12	1.02	0.82	0.72	0	0	0	0	1.83	1.86	1.84	1.77	1.81	1.84	1.79	1.68	1.67	1.02	0.92	0.72	0.72
1.86	1.89	1.87	1.8	1.84	1.87	1.82	1.71	1.7	1.05	0.95	0.75	0.75	0	0	0	0	1.77	1.8	1.78	1.71	1.74	1.76	1.75	1.62	1.62	1.05	0.95	0.75	0.65
1.75	1.78	1.76	1.69	1.72	1.74	1.73	1.6	1.6	1.03	0.93	0.73	0.63	0	0	0	0	1.66	1.68	1.65	1.61	1.63	1.66	1.64	1.51	1.51	0.93	0.83	0.63	0.53
1.7	1.72	1.69	1.65	1.67	1.7	1.68	1.55	1.55	0.97	0.87	0.67	0.57	0	0	0	0	1.63	1.64	1.61	1.56	1.58	1.6	1.6	1.47	1.47	0.97	0.87	0.67	0.57
1.61	1.62	1.59	1.54	1.56	1.58	1.58	1.45	1.45	0.95	0.85	0.65	0.55	0	0	0	0	1.52	1.53	1.53	1.45	1.49	1.52	1.51	1.39	1.37	0.85	0.75	0.55	0.55
1.52	1.53	1.53	1.45	1.49	1.52	1.51	1.39	1.37	0.85	0.75	0.55	0.55	0	0	0	0	1.47	1.49	1.48	1.41	1.45	1.47	1.44	1.31	1.31	0.85	0.85	0.55	0.45
1.44	1.46	1.45	1.38	1.42	1.44	1.41	1.28	1.28	0.82	0.82	0.52	0.42	0	0	0	0	1.38	1.4	1.4	1.32	1.36	1.38	1.35	1.22	1.2	0.82	0.72	0.52	0.42
1.38	1.4	1.4	1.32	1.36	1.38	1.35	1.22	1.2	0.82	0.72	0.52	0.42	0	0	0	0	1.33	1.36	1.34	1.27	1.29	1.33	1.3	1.17	1.15	0.82	0.72	0.52	0.42
1.33	1.36	1.34	1.27	1.29	1.33	1.3	1.17	1.15	0.82	0.72	0.52	0.42	0	0	0	0	1.26	1.28	1.27	1.21	1.24	1.26	1.25	1.12	1.13	0.82	0.72	0.52	0.42
1.29	1.31	1.3	1.24	1.27	1.29	1.28	1.15	1.16	0.85	0.75	0.55	0.45	0	0	0	0	1.26	1.28	1.27	1.21	1.25	1.26	1.25	1.13	1.13	0.75	0.75	0.45	0.45
1.26	1.28	1.27	1.21	1.25	1.26	1.25	1.13	1.13	0.75	0.75	0.45	0.45	0	0	0	0	1.22	1.23	1.22	1.16	1.19	1.21	1.19	1.07	1.07	0.65	0.65	0.45	0.45
1.22	1.23	1.22	1.16	1.19	1.21	1.19	1.07	1.07	0.65	0.65	0.45	0.45	0	0	0	0	1.15	1.18	1.18	1.11	1.14	1.17	1.15	1.02	1.02	0.65	0.65	0.45	0.45
1.18	1.21	1.21	1.14	1.17	1.2	1.18	1.05	1.05	0.68	0.68	0.48	0.48	0	0	0	0	1.14	1.16	1.15	1.08	1.11	1.15	1.13	1	1.01	0.68	0.58	0.48	0.38
1.07	1.09	1.08	1.01	1.04	1.08	1.06	0.93	0.94	0.61	0.51	0.41	0.31	0	0	0	0	1.05	1.06	1.06	1	1.03	1.05	1.03	0.92	0.92	0.61	0.61	0.41	0.41
1.06	1.07	1.07	1.01	1.04	1.06	1.04	0.93	0.93	0.62	0.62	0.42	0.42	0	0	0	0	1.01	1.02	1.01	0.95	0.99	1.02	1.01	0.87	0.89	0.62	0.62	0.42	0.42
0.99	1	0.99	0.93	0.97	1	0.99	0.85	0.87	0.6	0.6	0.4	0.4	0.99532	0.99116	0.97208	0.9516	0.93	0.96	0.95	0.9	0.93	0.95	0.94	0.82	0.81	1.9	1.9	2.4	3.5
0.87	0.9	0.89	0.84	0.87	0.89	0.88	0.76	0.75	1.84	1.84	2.34	3.44	0.99532	0.99116	0.97208	0.9516	0.92	0.95	0.94	0.88	0.94	0.95	0.94	0.82	0.82	4.84	5.44	6.34	9.54
0.93	0.96	0.95	0.89	0.95	0.96	0.95	0.83	0.83	4.85	5.45	6.35	9.55	0.99532	0.99116	0.97208	0.9516	1.03	1.1	1.07	0.99	1.09	1.09	1.05	0.97	0.97	6.85	7.55	8.25	12.65
1.05	1.12	1.09	1.01	1.11	1.11	1.07	0.99	0.99	6.87	7.57	8.27	12.67	0.99532	0.99116	0.97208	0.9516	1.19	1.29	1.25	1.15	1.27	1.28	1.2	1.14	1.15	8.07	8.87	9.47	14.27
1.21	1.31	1.27	1.17	1.29	1.3	1.22	1.16	1.17	8.09	8.89	9.49	14.29	0.99532	0.99116	0.97208	0.9516	1.37	1.5	1.47	1.33	1.47	1.5	1.37	1.35	1.36	8.89	9.59	9.99	15.39
1.38	1.51	1.48	1.34	1.48	1.51	1.38	1.36	1.37	8.9	9.6	10	15.4	0.99532	0.99116	0.97208	0.9516	1.57	1.7	1.67	1.51	1.68	1.7	1.56	1.57	1.6	9.4	10	10.5	16
1.53	1.66	1.63	1.47	1.64	1.66	1.52	1.53	1.56	9.36	9.96	10.46	15.96	0.99532	0.99116	0.97208	0.9516	1.71	1.86	1.82	1.66	1.85	1.86	1.7	1.72	1.75	9.86	10.26	10.76	16.26
1.72	1.87	1.83	1.67	1.86	1.87	1.71	1.73	1.76	9.87	10.27	10.77	16.27	0.99532	0.99116	0.97208	0.9516	1.9	2.05	2.03	1.84	2.01	2.05	1.86	1.89	1.89	10.17	10.57	10.97	16.57
1.95	2.1	2.08	1.89	2.06	2.1	1.91	1.94	1.94	10.22	10.62	11.02	16.62	0.99532	0.99116	0.97208	0.9516	2.1	2.25	2.24	2.03	2.21	2.26	2.04	2.01	2.03	10.52	10.92	10.92	16.82
2.09	2.24	2.23	2.02	2.2	2.25	2.03	2	2.02	10.51	10.91	10.91	16.81	0.99532	0.99116	0.97208	0.9516	2.22	2.38	2.37	2.14	2.32	2.37	2.14	2.13	2.14	10.71	11.31	11.11	17.11
2.19	2.35	2.34	2.11	2.29	2.34	2.11	2.1	2.11	10.68	11.28	11.08	17.08	0.99532	0.99116	0.97208	0.9516	2.32	2.49	2.49	2.24	2.45	2.5	2.25	2.26	2.28	10.78	11.18	11.08	17.08
2.31	2.48	2.48	2.23	2.44	2.49	2.24	2.25	2.27	10.77	11.17	11.07	17.07	0.99532	0.99116	0.97208	0.9516	2.46	2.65	2.62	2.37	2.58	2.62	2.36	2.41	2.43	10.87	11.27	11.27	16.97
2.46	2.65	2.62	2.37	2.58	2.62	2.36	2.41	2.43	10.87	11.27	11.27	16.97	0.99532	0.99116	0.97208	0.9516	2.55	2.75	2.74	2.48	2.71	2.75	2.49	2.54	2.57	10.77	10.87	11.37	17.07
2.54	2.74	2.73	2.47	2.7	2.74	2.48	2.53	2.56	10.76	10.86	11.36	17.06	0.99532	0.99116	0.97208	0.9516	2.68	2.86	2.85	2.6	2.81	2.87	2.59	2.63	2.59	10.86	11.16	11.36	17.16
2.68	2.86	2.85	2.6	2.81	2.87	2.59	2.63	2.59	10.86	11.16	11.36	17.16	0.99532	0.99116	0.97208	0.9516	2.79	2.96	2.95	2.7	2.9	2.95	2.67	2.69	2.68	11.16	11.36	11.36	17.16
2.84	3.01	3	2.75	2.95	3	2.72	2.74	2.73	11.21	11.41	11.41	17.21	0.99532	0.99116	0.97208	0.9516	2.93	3.12	3.09	2.83	3.04	3.08	2.8	2.81	2.81	11.31	11.51	11.21	17.21
2.89	3.08	3.05	2.79	3	3.04	2.76	2.77	2.77	11.27	11.47	11.17	17.17	0.99532	0.99116	0.97208	0.9516	2.98	3.15	3.14	2.87	3.07	3.12	2.82	2.86	2.85	11.27	11.47	11.27	17.17
2.97	3.14	3.13	2.86	3.06	3.11	2.81	2.85	2.84	11.26	11.46	11.26	17.16	0.99532	0.99116	0.97208	0.9516	3.07	3.25	3.22	2.97	3.16	3.21	2.93	2.94	2.94	11.16	11.26	11.36	17.26
3.05	3.23	3.2	2.95	3.14	3.19	2.91	2.92	2.92	11.14	11.24	11.34	17.24	0.99532	0.99116	0.97208	0.9516	3.14	3.3	3.29	3.01	3.21	3.26	2.96	2.99	2.97	11.24	11.44	11.24	17.24
3.14	3.3	3.29	3.01	3.21	3.26	2.96	2.99	2.97	11.24	11.44	11.24	17.24	0.99532	0.99116	0.97208	0.9516	3.22	3.37	3.35	3.09	3.27	3.32	3.01	3.02	3	11.34	11.44	11.24	17.04
3.24	3.39	3.37	3.11	3.29	3.34	3.03	3.04	3.02	11.36	11.46	11.26	17.06	0.99532	0.99116	0.97208	0.9516	3.28	3.44	3.41	3.14	3.32	3.38	3.07	3.05	3.01	11.46	11.56	11.26	17.06
3.28	3.44	3.41	3.14	3.32	3.38	3.07	3.05	3.01	11.46	11.56	11.26	17.06	0.99532	0.99116	0.97208	0.9516	3.35	3.5	3.47	3.2	3.39	3.43	3.12	3.09	3.06	11.56	11.66	11.26	17.16
3.37	3.52	3.49	3.22	3.41	3.45	3.14	3.11	3.08	11.58	11.68	11.28	17.18	0.99532	0.99116	0.97208	0.9516	3.43	3.59	3.56	3.3	3.47	3.51	3.2	3.15	3.12	11.38	11.58	11.48	17.28
3.42	3.58	3.55	3.29	3.46	3.5	3.19	3.14	3.11	11.37	11.57	11.47	17.27	0.99532	0.99116	0.97208	0.9516	3.45	3.6	3.58	3.31	3.48	3.53	3.22	3.18	3.14	11.37	11.67	11.47	17.37
3.38	3.53	3.51	3.24	3.41	3.46	3.15	3.11	3.07	11.3	11.6	11.4	17.3	0.99532	0.99116	0.97208	0.9516	3.43	3.58	3.56	3.27	3.44	3.49	3.18	3.14	3.08	11.5	11.7	11.3	17.3
3.43	3.58	3.56	3.27	3.44	3.49	3.18	3.14	3.08	11.5	11.7	11.3	17.3	0.99532	0.99116	0.97208	0.9516	3.46	3.61	3.59	3.29	3.47	3.53	3.2	3.16	3.11	11.6	11.8	11.2	17.3
3.55	3.7	3.68	3.38	3.56	3.62	3.29	3.25	3.2	11.69	11.89	11.29	17.39	0.99532	0.99116	0.97208	0.9516	3.59	3.74	3.73	3.42	3.6	3.65	3.32	3.29	3.23	11.59	11.89	11.09	17.19
3.53	3.68	3.67	3.36	3.54	3.59	3.26	3.23	3.17	11.53	11.83	11.03	17.13	0.99532	0.99116	0.97208	0.9516	3.56	3.72	3.7	3.4	3.58	3.63	3.31	3.26	3.21	11.73	12.03	11.13	17.23
3.54	3.7	3.68	3.38	3.56	3.61	3.29	3.24	3.19	11.71	12.01	11.11	17.21	0.99532	0.99116	0.97208	0.9516	3.56	3.72	3.7	3.42	3.57	3.62	3.3	3.25	3.21	11.91	12.11	11.21	17.21
3.56	3.72	3.7	3.42	3.57	3.62	3.3	3.25	3.21	11.91	12.11	11.21	17.21	0.99532	0.99116	0.97208	0.9516	3.61	3.76	3.72	3.42	3.6	3.64	3.32	3.28	3.23	11.81	11.81	11.11	17.01
3.6	3.75	3.71	3.41	3.59	3.63	3.31	3.27	3.22	11.8	11.8	11.1	17	0	0	0	0	3.62	3.75	3.73	3.44	3.59	3.64	3.32	3.26	3.21	11.3	11.4	10.2	16
3.64	3.77	3.75	3.46	3.61	3.66	3.34	3.28	3.23	11.32	11.42	10.22	16.02	0	0	0	0	3.6	3.73	3.72	3.44	3.57	3.62	3.31	3.26	3.19	8.02	7.82	6.12	9.62
3.65	3.78	3.77	3.49	3.62	3.67	3.36	3.31	3.24	8.07	7.87	6.17	9.67	0	0	0	0	3.58	3.67	3.66	3.4	3.52	3.57	3.29	3.21	3.17	6.27	5.87	4.27	6.57
3.58	3.67	3.66	3.4	3.52	3.57	3.29	3.21	3.17	6.27	5.87	4.27	6.57	0	0	0	0	3.46	3.54	3.53	3.28	3.39	3.44	3.21	3.12	3.08	4.77	4.27	3.37	4.77
3.51	3.59	3.58	3.33	3.44	3.49	3.26	3.17	3.13	4.82	4.32	3.42	4.82	0	0	0	0	3.35	3.41	3.39	3.18	3.26	3.31	3.12	3.01	2.96	4.02	3.62	2.62	3.52
3.35	3.41	3.39	3.18	3.26	3.31	3.12	3.01	2.96	4.02	3.62	2.62	3.52	0	0	0	0	3.17	3.23	3.22	3.04	3.1	3.15	2.97	2.89	2.85	3.42	3.02	2.22	2.72
3.08	3.14	3.13	2.95	3.01	3.06	2.88	2.8	2.76	3.33	2.93	2.13	2.63	0	0	0	0	2.94	3	2.98	2.81	2.87	2.91	2.8	2.68	2.63	2.73	2.33	1.83	2.13
2.99	3.05	3.03	2.86	2.92	2.96	2.85	2.73	2.68	2.78	2.38	1.88	2.18	0	0	0	0	2.86	2.89	2.86	2.73	2.8	2.83	2.71	2.62	2.58	2.38	2.08	1.58	1.78
2.86	2.89	2.86	2.73	2.8	2.83	2.71	2.62	2.58	2.38	2.08	1.58	1.78	0	0	0	0	2.71	2.74	2.73	2.59	2.65	2.68	2.57	2.47	2.43	2.18	1.98	1.38	1.48
2.74	2.77	2.76	2.62	2.68	2.71	2.6	2.5	2.46	2.21	2.01	1.41	1.51	0	0	0	0	2.59	2.62	2.62	2.49	2.54	2.58	2.48	2.38	2.35	1.91	1.71	1.21	1.21
2.55	2.58	2.58	2.45	2.5	2.54	2.44	2.34	2.31	1.87	1.67	1.17	1.17	0	0	0	0	2.43	2.43	2.42	2.33	2.37	2.39	2.33	2.21	2.18	1.57	1.47	1.07	1.07
2.4	2.4	2.39	2.3	2.34	2.36	2.3	2.18	2.15	1.54	1.44	1.04	1.04	0	0	0	0	2.27	2.28	2.26	2.17	2.19	2.23	2.17	2.05	2.02	1.44	1.34	0.84	0.84
2.33	2.34	2.32	2.23	2.25	2.29	2.23	2.11	2.08	1.5	1.4	0.9	0.9	0	0	0	0	2.21	2.23	2.21	2.11	2.16	2.18	2.11	1.99	1.95	1.5	1.3	0.9	0.8
2.18	2.2	2.18	2.08	2.13	2.15	2.08	1.96	1.92	1.47	1.27	0.87	0.77	0	0	0	0	2.09	2.1	2.08	2	2.04	2.05	2.01	1.88	1.84	1.47	1.37	0.97	0.87
2.15	2.16	2.14	2.06	2.1	2.11	2.07	1.94	1.9	1.53	1.43	1.03	0.93	0	0	0	0	2.04	2.06	2.04	1.96	1.98	2.01	1.97	1.85	1.84	1.43	1.23	0.93	0.83
2.02	2.04	2.02	1.94	1.96	1.99	1.95	1.83	1.82	1.41	1.21	0.91	0.81	0	0	0	0	1.9	1.94	1.92	1.85	1.87	1.91	1.86	1.74	1.73	1.31	1.21	0.91	0.81
1.92	1.96	1.94	1.87	1.89	1.93	1.88	1.76	1.75	1.33	1.23	0.93	0.83	0	0	0	0	1.86	1.87	1.85	1.78	1.81	1.83	1.8	1.68	1.67	1.23	1.13	0.93	0.73
1.84	1.85	1.83	1.76	1.79	1.81	1.78	1.66	1.65	1.21	1.11	0.91	0.71	0	0	0	0	1.75	1.76	1.75	1.67	1.69	1.72	1.7	1.57	1.55	1.21	1.11	0.81	0.71
1.69	1.7	1.69	1.61	1.63	1.66	1.64	1.51	1.49	1.15	1.05	0.75	0.65	0	0	0	0	1.61	1.63	1.62	1.55	1.57	1.59	1.57	1.46	1.45	1.05	0.95	0.75	0.65
1.63	1.65	1.64	1.57	1.59	1.61	1.59	1.48	1.47	1.07	0.97	0.77	0.67	0	0	0	0	1.54	1.57	1.55	1.48	1.51	1.55	1.52	1.39	1.39	0.97	0.87	0.67	0.57
1.63	1.66	1.64	1.57	1.6	1.64	1.61	1.48	1.48	1.06	0.96	0.76	0.66	0	0	0	0	1.58	1.6	1.58	1.5	1.54	1.57	1.55	1.42	1.42	0.96	0.96	0.76	0.66
1.57	1.59	1.57	1.49	1.53	1.56	1.54	1.41	1.41	0.95	0.95	0.75	0.65	0	0	0	0	1.49	1.51	1.5	1.43	1.46	1.49	1.48	1.36	1.35	0.95	0.95	0.75	0.65
1.47	1.49	1.48	1.41	1.44	1.47	1.46	1.34	1.33	0.93	0.93	0.73	0.63	0	0	0	0	1.42	1.43	1.43	1.36	1.39	1.43	1.41	1.27	1.27	0.93	0.93	0.73	0.63
1.39	1.4	1.4	1.33	1.36	1.4	1.38	1.24	1.24	0.9	0.9	0.7	0.6	0	0	0	0	1.35	1.36	1.35	1.3	1.32	1.35	1.32	1.21	1.2	0.9	0.9	0.7	0.6
1.36	1.37	1.36	1.31	1.33	1.36	1.33	1.22	1.21	0.91	0.91	0.71	0.61	0	0	0	0	1.31	1.32	1.3	1.25	1.27	1.31	1.28	1.16	1.16	0.91	0.81	0.61	0.61
1.29	1.3	1.28	1.23	1.25	1.29	1.26	1.14	1.14	0.89	0.79	0.59	0.59	0	0	0	0	1.24	1.25	1.24	1.18	1.21	1.24	1.21	1.1	1.09	0.89	0.79	0.59	0.49
1.21	1.22	1.21	1.15	1.18	1.21	1.18	1.07	1.06	0.86	0.76	0.56	0.46	0	0	0	0	1.13	1.14	1.13	1.08	1.12	1.13	1.13	1	1.01	0.76	0.66	0.56	0.46
1.14	1.15	1.14	1.09	1.13	1.14	1.14	1.01	1.02	0.77	0.67	0.57	0.47	0	0	0	0	1.11	1.13	1.13	1.07	1.09	1.12	1.12	0.98	0.99	0.77	0.67	0.47	0.47
1.04	1.06	1.06	1	1.02	1.05	1.05	0.91	0.92	0.7	0.6	0.4	0.4	0	0	0	0	1	1.01	1.01	0.95	0.98	1.01	0.99	0.87	0.87	0.6	0.6	0.4	0.4
1.11	1.12	1.12	1.06	1.09	1.12	1.1	0.98	0.98	0.71	0.71	0.51	0.51	0	0	0	0	1.06	1.09	1.06	1.01	1.04	1.07	1.06	0.93	0.93	0.71	0.61	0.51	0.41
1.06	1.09	1.06	1.01	1.04	1.07	1.06	0.93	0.93	0.71	0.61	0.51	0.41	0.99532	0.99116	0.97208	0.9516	1.04	1.06	1.05	0.98	1.02	1.04	1.04	0.91	0.91	2.01	1.91	2.51	3.51
1.04	1.06	1.05	0.98	1.02	1.04	1.04	0.91	0.91	2.01	1.91	2.51	3.51	0.99532	0.99116	0.97208	0.9516	1.08	1.11	1.1	1.03	1.09	1.11	1.07	0.97	0.97	5.11	5.61	6.51	9.51
1.07	1.1	1.09	1.02	1.08	1.1	1.06	0.96	0.96	5.1	5.6	6.5	9.5	0.99532	0.99116	0.97208	0.9516	1.17	1.24	1.21	1.15	1.23	1.24	1.18	1.12	1.11	6.9	7.6	8.4	12.6
1.17	1.24	1.21	1.15	1.23	1.24	1.18	1.12	1.11	6.9	7.6	8.4	12.6	0.99532	0.99116	0.97208	0.9516	1.34	1.42	1.35	1.29	1.4	1.39	1.35	1.32	1.31	8	8.7	9.7	14
1.36	1.44	1.37	1.31	1.42	1.41	1.37	1.34	1.33	8.02	8.72	9.72	14.02	0.99532	0.99116	0.97208	0.9516	1.51	1.61	1.55	1.47	1.6	1.59	1.54	1.51	1.5	8.72	9.52	10.42	15.02
1.52	1.62	1.56	1.48	1.61	1.6	1.55	1.52	1.51	8.73	9.53	10.43	15.03	0.99532	0.99116	0.97208	0.9516	1.69	1.81	1.74	1.65	1.82	1.79	1.7	1.71	1.74	9.33	9.93	10.83	15.63
1.69	1.81	1.74	1.65	1.82	1.79	1.7	1.71	1.74	9.33	9.93	10.83	15.63	0.99532	0.99116	0.97208	0.9516	1.85	1.97	1.92	1.8	1.96	1.96	1.83	1.83	1.83	9.83	10.43	10.93	15.93
1.87	1.99	1.94	1.82	1.98	1.98	1.85	1.85	1.85	9.85	10.45	10.95	15.95	0.99532	0.99116	0.97208	0.9516	2.05	2.18	2.13	1.99	2.15	2.15	2	1.99	1.98	10.35	10.85	11.15	16.55
1.98	2.11	2.06	1.92	2.08	2.08	1.93	1.92	1.91	10.28	10.78	11.08	16.48	0.99532	0.99116	0.97208	0.9516	2.14	2.28	2.23	2.07	2.23	2.25	2.07	2.07	2.06	10.48	10.88	11.18	16.78
2.13	2.27	2.22	2.06	2.22	2.24	2.06	2.06	2.05	10.47	10.87	11.17	16.77	0.99532	0.99116	0.97208	0.9516	2.28	2.41	2.36	2.2	2.34	2.37	2.18	2.17	2.16	10.57	10.97	11.17	16.67
2.29	2.42	2.37	2.21	2.35	2.38	2.19	2.18	2.17	10.58	10.98	11.18	16.68	0.99532	0.99116	0.97208	0.9516	2.41	2.54	2.51	2.33	2.49	2.5	2.3	2.28	2.26	10.78	11.18	11.38	16.88
2.42	2.55	2.52	2.34	2.5	2.51	2.31	2.29	2.27	10.79	11.19	11.39	16.89	0.99532	0.99116	0.97208	0.9516	2.54	2.68	2.65	2.43	2.59	2.64	2.4	2.36	2.35	10.79	11.19	11.19	16.79
2.58	2.72	2.69	2.47	2.63	2.68	2.44	2.4	2.39	10.83	11.23	11.23	16.83	0.99532	0.99116	0.97208	0.9516	2.71	2.85	2.81	2.6	2.76	2.8	2.54	2.52	2.52	10.83	11.33	11.33	17.13
2.66	2.8	2.76	2.55	2.71	2.75	2.49	2.47	2.47	10.78	11.28	11.28	17.08	0.99532	0.99116	0.97208	0.9516	2.76	2.9	2.87	2.65	2.8	2.84	2.58	2.53	2.52	11.18	11.58	11.28	17.08
2.75	2.89	2.86	2.64	2.79	2.83	2.57	2.52	2.51	11.17	11.57	11.27	17.07	0.99532	0.99116	0.97208	0.9516	2.86	2.99	2.95	2.73	2.88	2.92	2.65	2.6	2.58	11.27	11.57	11.27	17.17
2.9	3.03	2.99	2.77	2.92	2.96	2.69	2.64	2.62	11.31	11.61	11.31	17.21	0.99532	0.99116	0.97208	0.9516	2.98	3.12	3.08	2.85	2.99	3.05	2.76	2.72	2.71	11.31	11.71	11.31	17.21
2.92	3.06	3.02	2.79	2.93	2.99	2.7	2.66	2.65	11.25	11.65	11.25	17.15	0.99532	0.99116	0.97208	0.9516	3.03	3.17	3.13	2.87	3.03	3.08	2.79	2.75	2.7	11.35	11.65	11.15	17.05
3.1	3.24	3.2	2.94	3.1	3.15	2.86	2.82	2.77	11.42	11.72	11.22	17.12	0.99532	0.99116	0.97208	0.9516	3.15	3.3	3.27	3.01	3.17	3.22	2.91	2.86	2.82	11.52	11.72	11.12	17.22
3.13	3.28	3.25	2.99	3.15	3.2	2.89	2.84	2.8	11.5	11.7	11.1	17.2	0.99532	0.99116	0.97208	0.9516	3.21	3.34	3.31	3.06	3.2	3.24	2.95	2.91	2.88	11.6	11.8	11.2	17.2
3.23	3.36	3.33	3.08	3.22	3.26	2.97	2.93	2.9	11.62	11.82	11.22	17.22	0.99532	0.99116	0.97208	0.9516	3.29	3.44	3.4	3.14	3.32	3.36	3.06	3.08	3.08	11.52	11.52	11.42	17.42
3.28	3.43	3.39	3.13	3.31	3.35	3.05	3.07	3.07	11.51	11.51	11.41	17.41	0.99532	0.99116	0.97208	0.9516	3.35	3.51	3.48	3.22	3.4	3.43	3.14	3.13	3.11	11.41	11.51	11.51	17.31
3.36	3.52	3.49	3.23	3.41	3.44	3.15	3.14	3.12	11.42	11.52	11.52	17.32	0.99532	0.99116	0.97208	0.9516	3.4	3.57	3.54	3.27	3.45	3.48	3.2	3.15	3.12	11.42	11.72	11.42	17.22
3.39	3.56	3.53	3.26	3.44	3.47	3.19	3.14	3.11	11.41	11.71	11.41	17.21	0.99532	0.99116	0.97208	0.9516	3.45	3.59	3.57	3.31	3.46	3.51	3.19	3.15	3.11	11.61	11.81	11.21	17.31
3.4	3.54	3.52	3.26	3.41	3.46	3.14	3.1	3.06	11.56	11.76	11.16	17.26	0.99532	0.99116	0.97208	0.9516	3.46	3.61	3.58	3.3	3.47	3.53	3.2	3.17	3.14	11.66	11.76	11.36	17.26
3.44	3.59	3.56	3.28	3.45	3.51	3.18	3.15	3.12	11.64	11.74	11.34	17.24	0.99532	0.99116	0.97208	0.9516	3.49	3.63	3.59	3.32	3.5	3.53	3.23	3.19	3.15	11.64	11.74	11.44	17.34
3.52	3.66	3.62	3.35	3.53	3.56	3.26	3.22	3.18	11.67	11.77	11.47	17.37	0.99532	0.99116	0.97208	0.9516	3.53	3.71	3.68	3.4	3.59	3.62	3.32	3.32	3.27	11.57	11.67	11.57	17.37
3.56	3.74	3.71	3.43	3.62	3.65	3.35	3.35	3.3	11.6	11.7	11.6	17.4	0.99532	0.99116	0.97208	0.9516	3.63	3.79	3.76	3.48	3.68	3.72	3.41	3.42	3.36	11.6	11.7	11.5	17.3
3.65	3.81	3.78	3.5	3.7	3.74	3.43	3.44	3.38	11.62	11.72	11.52	17.32	0.99532	0.99116	0.97208	0.9516	3.68	3.83	3.82	3.52	3.7	3.76	3.43	3.41	3.35	11.52	11.72	11.32	17.32
3.6	3.75	3.74	3.44	3.62	3.68	3.35	3.33	3.27	11.44	11.64	11.24	17.24	0.99532	0.99116	0.97208	0.9516	3.61	3.77	3.74	3.45	3.63	3.67	3.34	3.32	3.27	11.54	11.74	11.24	17.24
3.61	3.77	3.74	3.45	3.63	3.67	3.34	3.32	3.27	11.54	11.74	11.24	17.24	0.99532	0.99116	0.97208	0.9516	3.66	3.8	3.79	3.5	3.66	3.71	3.39	3.35	3.31	11.54	11.64	11.34	17.34
3.69	3.83	3.82	3.53	3.69	3.74	3.42	3.38	3.34	11.57	11.67	11.37	17.37	0	0	0	0	3.71	3.85	3.82	3.54	3.69	3.74	3.4	3.38	3.32	10.37	10.57	9.17	14.07
3.7	3.84	3.81	3.53	3.68	3.73	3.39	3.37	3.31	10.36	10.56	9.16	14.06	0	0	0	0	3.66	3.76	3.73	3.47	3.62	3.67	3.35	3.28	3.26	7.56	7.36	5.66	8.76
3.67	3.77	3.74	3.48	3.63	3.68	3.36	3.29	3.27	7.57	7.37	5.67	8.77	0	0	0	0	3.56	3.64	3.64	3.37	3.48	3.55	3.24	3.17	3.12	5.77	5.37	3.97	6.07
3.54	3.62	3.62	3.35	3.46	3.53	3.22	3.15	3.1	5.75	5.35	3.95	6.05	0	0	0	0	3.41	3.48	3.48	3.24	3.33	3.39	3.12	3.04	2.99	4.65	4.25	3.05	4.45
3.42	3.49	3.49	3.25	3.34	3.4	3.13	3.05	3	4.66	4.26	3.06	4.46	0	0	0	0	3.27	3.33	3.34	3.11	3.19	3.25	3.03	2.93	2.87	3.86	3.56	2.56	3.46
3.28	3.34	3.35	3.12	3.2	3.26	3.04	2.94	2.88	3.87	3.57	2.57	3.47	0	0	0	0	3.11	3.17	3.16	2.96	3.04	3.09	2.9	2.81	2.76	3.37	2.97	2.17	2.67
3.15	3.21	3.2	3	3.08	3.13	2.94	2.85	2.8	3.41	3.01	2.21	2.71	0	0	0	0	3	3.05	3.04	2.87	2.94	2.97	2.81	2.71	2.65	3.01	2.71	1.91	2.21
2.98	3.03	3.02	2.85	2.92	2.95	2.79	2.69	2.63	2.99	2.69	1.89	2.19	0	0	0	0	2.83	2.88	2.86	2.7	2.76	2.8	2.64	2.52	2.46	2.59	2.29	1.49	1.79
2.8	2.85	2.83	2.67	2.73	2.77	2.61	2.49	2.43	2.56	2.26	1.46	1.76	0	0	0	0	2.68	2.71	2.7	2.55	2.58	2.63	2.5	2.37	2.32	2.36	2.06	1.36	1.46
2.68	2.71	2.7	2.55	2.58	2.63	2.5	2.37	2.32	2.36	2.06	1.36	1.46	0	0	0	0	2.55	2.57	2.55	2.42	2.46	2.49	2.38	2.24	2.19	2.06	1.86	1.16	1.36
2.58	2.6	2.58	2.45	2.49	2.52	2.41	2.27	2.22	2.09	1.89	1.19	1.39	0	0	0	0	2.43	2.45	2.44	2.31	2.35	2.38	2.28	2.15	2.11	1.99	1.79	1.09	1.19
2.42	2.44	2.43	2.3	2.34	2.37	2.27	2.14	2.1	1.98	1.78	1.08	1.18	0	0	0	0	2.3	2.32	2.32	2.19	2.23	2.25	2.16	2.02	1.99	1.78	1.68	1.08	1.08
2.29	2.31	2.31	2.18	2.22	2.24	2.15	2.01	1.98	1.77	1.67	1.07	1.07	0	0	0	0	2.19	2.2	2.19	2.09	2.11	2.15	2.07	1.92	1.9	1.67	1.47	0.97	0.97
2.18	2.19	2.18	2.08	2.1	2.14	2.06	1.91	1.89	1.66	1.46	0.96	0.96	0	0	0	0	2.08	2.09	2.08	1.96	1.99	2.03	1.96	1.82	1.79	1.56	1.46	0.86	0.86
2.08	2.09	2.08	1.96	1.99	2.03	1.96	1.82	1.79	1.56	1.46	0.86	0.86	0	0	0	0	1.97	1.99	1.97	1.87	1.9	1.94	1.85	1.71	1.69	1.46	1.36	0.76	0.76
1.97	1.99	1.97	1.87	1.9	1.94	1.85	1.71	1.69	1.46	1.36	0.76	0.76	0	0	0	0	1.88	1.9	1.89	1.79	1.82	1.85	1.77	1.64	1.63	1.46	1.26	0.76	0.76
1.91	1.93	1.92	1.82	1.85	1.88	1.8	1.67	1.66	1.49	1.29	0.79	0.79	0	0	0	0	1.84	1.85	1.84	1.74	1.76	1.8	1.74	1.61	1.6	1.39	1.19	0.79	0.69
1.77	1.78	1.77	1.67	1.69	1.73	1.67	1.54	1.53	1.32	1.12	0.72	0.62	0	0	0	0	1.67	1.69	1.68	1.59	1.63	1.66	1.6	1.49	1.48	1.12	1.02	0.72	0.62
1.65	1.67	1.66	1.57	1.61	1.64	1.58	1.47	1.46	1.1	1	0.7	0.6	0	0	0	0	1.6	1.6	1.58	1.51	1.54	1.56	1.53	1.39	1.38	1.1	1	0.7	0.6
1.63	1.63	1.61	1.54	1.57	1.59	1.56	1.42	1.41	1.13	1.03	0.73	0.63	0	0	0	0	1.55	1.55	1.54	1.47	1.49	1.53	1.49	1.36	1.34	1.03	0.93	0.63	0.63
1.58	1.58	1.57	1.5	1.52	1.56	1.52	1.39	1.37	1.06	0.96	0.66	0.66	0	0	0	0	1.5	1.52	1.5	1.44	1.46	1.48	1.45	1.32	1.31	0.96	0.96	0.66	0.56
1.46	1.48	1.46	1.4	1.42	1.44	1.41	1.28	1.27	0.92	0.92	0.62	0.52	0	0	0	0	1.41	1.41	1.4	1.34	1.36	1.39	1.37	1.23	1.22	0.92	0.82	0.52	0.52
1.41	1.41	1.4	1.34	1.36	1.39	1.37	1.23	1.22	0.92	0.82	0.52	0.52	0	0	0	0	1.34	1.36	1.34	1.28	1.3	1.34	1.31	1.18	1.16	0.82	0.82	0.52	0.42
1.35	1.37	1.35	1.29	1.31	1.35	1.32	1.19	1.17	0.83	0.83	0.53	0.43	0	0	0	0	1.29	1.31	1.29	1.23	1.25	1.29	1.25	1.11	1.1	0.83	0.83	0.53	0.43
1.3	1.32	1.3	1.24	1.26	1.3	1.26	1.12	1.11	0.84	0.84	0.54	0.44	0	0	0	0	1.25	1.27	1.25	1.18	1.2	1.23	1.2	1.07	1.06	0.84	0.74	0.44	0.44
1.26	1.28	1.26	1.19	1.21	1.24	1.21	1.08	1.07	0.85	0.75	0.45	0.45	0	0	0	0	1.21	1.22	1.21	1.13	1.16	1.19	1.16	1.03	1.02	0.85	0.75	0.45	0.45
1.24	1.25	1.24	1.16	1.19	1.22	1.19	1.06	1.05	0.88	0.78	0.48	0.48	0	0	0	0	1.21	1.22	1.2	1.14	1.16	1.19	1.17	1.03	1.02	0.88	0.78	0.48	0.48
1.21	1.22	1.2	1.14	1.16	1.19	1.17	1.03	1.02	0.88	0.78	0.48	0.48	0	0	0	0	1.15	1.16	1.15	1.1	1.11	1.14	1.13	0.99	0.98	0.78	0.68	0.48	0.38
1.16	1.17	1.16	1.11	1.12	1.15	1.14	1	0.99	0.79	0.69	0.49	0.39	0	0	0	0	1.12	1.14	1.12	1.07	1.1	1.11	1.11	0.96	0.97	0.79	0.69	0.39	0.39
1.09	1.11	1.09	1.04	1.07	1.08	1.08	0.93	0.94	0.76	0.66	0.36	0.36	0	0	0	0	1.05	1.07	1.06	0.99	1.02	1.04	1.03	0.91	0.89	0.66	0.56	0.36	0.36
1.04	1.06	1.05	0.98	1.01	1.03	1.02	0.9	0.88	0.65	0.55	0.35	0.35	0	0	0	0	1.01	1.02	1	0.94	0.98	1	0.99	0.85	0.85	0.65	0.65	0.35	0.35
0.99	1	0.98	0.92	0.96	0.98	0.97	0.83	0.83	0.63	0.63	0.33	0.33	0	0	0	0	0.96	0.96	0.95	0.89	0.91	0.94	0.93	0.8	0.8	0.63	0.53	0.33	0.33
0.95	0.95	0.94	0.88	0.9	0.93	0.92	0.79	0.79	0.62	0.52	0.32	0.32	0	0	0	0	0.92	0.93	0.92	0.85	0.88	0.92	0.91	0.76	0.75	0.62	0.52	0.32	0.32
0.9	0.91	0.9	0.83	0.86	0.9	0.89	0.74	0.73	0.6	0.5	0.3	0.3	0	0	0	0	0.88	0.89	0.89	0.81	0.84	0.87	0.86	0.72	0.71	0.6	0.5	0.3	0.2
0.91	0.92	0.92	0.84	0.87	0.9	0.89	0.75	0.74	0.63	0.53	0.33	0.23	0	0	0	0	0.87	0.88	0.86	0.81	0.84	0.86	0.84	0.7	0.7	0.53	0.53	0.33	0.23
0.91	0.92	0.9	0.85	0.88	0.9	0.88	0.74	0.74	0.57	0.57	0.37	0.27	0	0	0	0	0.86	0.89	0.87	0.82	0.83	0.86	0.87	0.72	0.72	0.57	0.57	0.37	0.27
0.82	0.85	0.83	0.78	0.79	0.82	0.83	0.68	0.68	0.53	0.53	0.33	0.23	0	0	0	0	0.82	0.84	0.84	0.76	0.78	0.82	0.81	0.68	0.67	0.53	0.53	0.23	0.23
0.82	0.84	0.84	0.76	0.78	0.82	0.81	0.68	0.67	0.53	0.53	0.23	0.23	0	0	0	0	0.8	0.81	0.8	0.74	0.77	0.8	0.78	0.65	0.65	0.53	0.43	0.23	0.23
0.77	0.78	0.77	0.71	0.74	0.77	0.75	0.62	0.62	0.5	0.4	0.2	0.2	0	0	0	0	0.75	0.76	0.75	0.69	0.72	0.74	0.73	0.6	0.6	0.5	0.4	0.2	0.2
0.78	0.79	0.78	0.72	0.75	0.77	0.76	0.63	0.63	0.53	0.43	0.23	0.23	0	0	0	0	0.74	0.75	0.74	0.69	0.71	0.74	0.73	0.59	0.61	0.53	0.43	0.23	0.23
0.74	0.75	0.74	0.69	0.71	0.74	0.73	0.59	0.61	0.53	0.43	0.23	0.23	0	0	0	0	0.73	0.73	0.72	0.67	0.7	0.72	0.72	0.59	0.6	0.43	0.43	0.23	0.23
0.73	0.73	0.72	0.67	0.7	0.72	0.72	0.59	0.6	0.43	0.43	0.23	0.23	0	0	0	0	0.7	0.71	0.7	0.64	0.67	0.7	0.7	0.57	0.58	0.43	0.33	0.23	0.23
0.69	0.7	0.69	0.63	0.66	0.69	0.69	0.56	0.57	0.42	0.32	0.22	0.22	0	0	0	0	0.66	0.69	0.69	0.62	0.65	0.68	0.67	0.56	0.56	0.42	0.32	0.22	0.22
0.65	0.68	0.68	0.61	0.64	0.67	0.66	0.55	0.55	0.41	0.31	0.21	0.21	0	0	0	0	0.64	0.66	0.66	0.59	0.63	0.65	0.66	0.53	0.53	0.41	0.31	0.21	0.21
0.64	0.66	0.66	0.59	0.63	0.65	0.66	0.53	0.53	0.41	0.31	0.21	0.21	0	0	0	0	0.63	0.64	0.61	0.56	0.59	0.61	0.62	0.48	0.49	0.31	0.31	0.11	0.11
0.6	0.61	0.58	0.53	0.56	0.58	0.59	0.45	0.46	0.28	0.28	0.08	0.08	0	0	0	0	0.58	0.6	0.58	0.53	0.56	0.58	0.6	0.46	0.48	0.28	0.28	0.08	0.18
0.57	0.59	0.57	0.52	0.55	0.57	0.59	0.45	0.47	0.27	0.27	0.07	0.17	0	0	0	0	0.55	0.57	0.55	0.5	0.54	0.56	0.56	0.43	0.43	0.27	0.27	0.17	0.07
0.46	0.48	0.46	0.41	0.45	0.47	0.47	0.34	0.34	0.18	0.18	0.08	-0.02	0	0	0	0	0.45	0.47	0.46	0.41	0.43	0.46	0.46	0.33	0.35	0.18	0.08	-0.02	-0.02
0.48	0.5	0.49	0.44	0.46	0.49	0.49	0.36	0.38	0.21	0.11	0.01	0.01	0	0	0	0	0.46	0.48	0.48	0.41	0.45	0.47	0.48	0.35	0.35	0.31	0.21	0.11	0.11
0.5	0.52	0.52	0.45	0.49	0.51	0.52	0.39	0.39	0.35	0.25	0.15	0.15	0	0	0	0	0.5	0.5	0.49	0.45	0.48	0.51	0.5	0.36	0.39	0.35	0.25	0.15	0.15
0.61	0.61	0.6	0.56	0.59	0.62	0.61	0.47	0.5	0.46	0.36	0.26	0.26	0	0	0	0	0.58	0.59	0.58	0.53	0.55	0.58	0.58	0.46	0.46	0.36	0.36	0.26	0.26
0.54	0.55	0.54	0.49	0.51	0.54	0.54	0.42	0.42	0.32	0.32	0.22	0.22	0	0	0	0	0.54	0.55	0.54	0.49	0.52	0.54	0.56	0.42	0.45	0.32	0.32	0.22	0.22
0.56	0.57	0.56	0.51	0.54	0.56	0.58	0.44	0.47	0.34	0.34	0.24	0.24	0	0	0	0	0.54	0.55	0.55	0.5	0.52	0.55	0.55	0.43	0.44	0.34	0.34	0.24	0.24
0.54	0.55	0.55	0.5	0.52	0.55	0.55	0.43	0.44	0.34	0.34	0.24	0.24	0	0	0	0	0.52	0.53	0.53	0.48	0.51	0.53	0.54	0.41	0.43	0.34	0.34	0.14	0.24
0.5	0.51	0.51	0.46	0.49	0.51	0.52	0.39	0.41	0.32	0.32	0.12	0.22	0	0	0	0	0.49	0.51	0.49	0.45	0.47	0.51	0.52	0.38	0.39	0.32	0.22	0.12	0.12
0.47	0.49	0.47	0.43	0.45	0.49	0.5	0.36	0.37	0.3	0.2	0.1	0.1	0	0	0	0	0.47	0.48	0.47	0.43	0.46	0.5	0.5	0.37	0.37	0.3	0.3	0.1	0.2
0.47	0.48	0.47	0.43	0.46	0.5	0.5	0.37	0.37	0.3	0.3	0.1	0.2	0	0	0	0	0.46	0.47	0.46	0.42	0.43	0.47	0.48	0.36	0.36	0.3	0.2	0.1	0.2
0.51	0.52	0.51	0.47	0.48	0.52	0.53	0.41	0.41	0.35	0.25	0.15	0.25	0	0	0	0	0.5	0.5	0.5	0.45	0.48	0.51	0.51	0.38	0.4	0.25	0.25	0.15	0.15
0.47	0.47	0.47	0.42	0.45	0.48	0.48	0.35	0.37	0.22	0.22	0.12	0.12	0	0	0	0	0.46	0.47	0.46	0.42	0.44	0.47	0.47	0.34	0.37	0.22	0.22	0.12	0.12



