12 8 13 4
10 9 17
4 13 6 6 3
17 15
10 3 8 5
6 3 1 2 8 1
2 8 1 2 7 1
2 7 1 2 5 2
2 2 3 5 2 3 2
3 6 4 3 2 3
3 7 1 3 3 3
4 5 1 1 1 4 2 4
4 3 1 3 1 3 5 3
5 3 2 4 4 6
6 2 6 2 4
6 1 1 2 1 3
6 2 2 2 6 2
7 3 2 1 2 3 2
1 2 3 5 2 2 3 1
8 3 3 2 5 1
6 2 3 5 1 5 1
5 2 4 7 5 1
3 2 4 3 4 4 1 2
4 1 4 4 3 4 1 2
6 11 3 4 1 2
2 2 2 6 4 4 1 2
1 1 4 3 3 1 2
1 2 2 3 4 1 2
1 6 2 4 3 1 2
1 2 2 2 2 3 3 1 2
2 1 1 1 3 3 4 2 2
4 1 1 2 2 6 4 2 2
2 1 3 7 3 3 2 1
2 1 1 2 2 3 3 4
1 2 4 1 1 3 4
1 4 8 4 3
1 1 2 1 6 4 3
1 2 1 1 3 1 3 2
1 2 2 1 2 2 3 3 1
4 2 2 2 1 3 2 1
4 5 2 1 1 3 2 1
5 2 7 2 1 2 1 2
5 1 3 1 2 1 2 2 2
6 3 3 2 3 2 2 3
11 2 1 3 2 1 2
4 5 2 2 3 2 1 3
4 5 2 2 2 2 2 1 1
5 4 2 2 2 1 2 2 1
5 4 2 2 2 1 1 2 1
6 3 2 2 2 1 1 3 1
