10 14 16
9 3 1 7 16
9 1 4 3 6 16
9 1 2 6 5 2 4 5
9 1 1 15 2 1 4 6
7 1 7 4 1 2 1 2 6
6 5 4 1 5 6
5 3 2 1 5 6
4 2 3 5 5 8
4 1 4 3 3 2 2 6
2 2 2 2 2 2 2 2 5
5 1 2 1 2 2 2 1 4 4
5 1 1 1 1 2 3 2 4
5 2 2 2 2 3 1 2 3
5 4 1 1 1 2 1 3
4 1 2 1 1 1 3
2 1 2 1 2 2 3
1 4 1 2 3 2 3
1 4 1 2 2 1 3
1 5 1 2 1 2 3
1 2 3 2 1 1 2 3
2 2 5 1 2 2 4 4
8 3 2 2 2 1 3 3
12 2 2 1 2 3 2
14 2 3 3 2 1 5
17 3 5 3 4 2
17 8 3
18 1 1 6 2
18 1 1 1 1 1 1 2 1 2
18 1 1 1 1 1 1 1 1 3
18 1 1 1 1 1 1 2 4
18 1 1 1 1 1 1 1 5
18 1 1 1 2 1 1 3 3
2 6 8 2 1 2 1 2 6 1 1 2
1 7 7 1 2 1 1 1 1 4 1 2
1 8 7 1 1 1 4 1 5 1
1 8 6 1 1 4 2 2 3 1
1 6 6 2 4 1 2 4
1 4 6 3 2 4 2
1 5 2 1 2 2
2 6 1 1 3 2 1 1
2 5 1 1 1 4 2 2 1
4 6 2 2 1 6 4 1 1
13 2 1 1 2 1 2 2 1 3
12 2 2 2 2 2 2 3 1 2
12 2 1 1 3 1 3 5 2 2
7 7 2 2 3 2 6 1 7
6 6 2 1 4 2 3 1 4
7 10 7 3 6 4
27 9 2 3
