16 5 3 22
18 7 4 11
6 16 1 12
7 14 6 13
2 5 5 3 1 2 4 4 3
9 7 2 1 2 1 2 1
5 4 4 5 1 2 2
8 3 3 9 4
14 2 1 1 3 7
17 2 3 2 4 6
1 2 9 2 6 5 2 5
4 3 2 2 2 1 4
3 1 5 1 1 2 2
4 2 7 1 4 1
5 1 7 2 5
14 2 5 4 7
5 2 2 2 5 2 7 4
3 1 3 3 4 1 3 2
2 1 2 1 8 1 3
2 2 4 5 2 2 4
1 8 4 1 3 5
3 2 3 2 1 5 3
1 2 4 5 5 8
3 2 1 3 8 1 5
7 1 15 3 7
6 2 9 1 12
5 1 6 4
5 2 2 15
5 2 4 17
2 3 7 14
7 2 2 11
8 3 1 10 4
4 4 3 1 9 6
11 1 10 6
10 2 8 7 1
7 1 5 9 3
2 4 4 18 5
5 7 2 3
4 27 9
3 7 5 10 6
