matrix size = 13
row = 13, column = 13
-0.0905611 	0.0397 	0 	0.0396878 	0 	0 	0 	0 	0 	0.00284524 	0.000279066 	6.75923e-06 	8.93126e-07 	
0.0396878 	-0.13 	0.0397 	0 	0.0396878 	0 	0 	0 	0 	0.00307992 	0.000314138 	6.75923e-06 	2.55816e-06 	
0 	0.0397 	-0.0906 	0 	0 	0.0396878 	0 	0 	0 	0.00284524 	0.000279066 	3.4513e-06 	4.20107e-06 	
0.0396878 	0 	0 	-0.130249 	0.0396878 	0 	0.0396878 	0 	0 	0.000279066 	0.00284524 	0.000276507 	2.55816e-06 	
0 	0.0396878 	0 	0.0396878 	-0.169937 	0.0396878 	0 	0.0396878 	0 	0.000314138 	0.00307992 	0.000276507 	3.76301e-05 	
0 	0 	0.0396878 	0 	0.0396878 	-0.130249 	0 	0 	0.0396878 	0.000279066 	0.00284524 	4.01883e-05 	0.000238877 	
0 	0 	0 	0.0396878 	0 	0 	-0.0905611 	0.0396878 	0 	7.65236e-06 	0.000279066 	0.00284103 	4.20107e-06 	
0 	0 	0 	0 	0.0396878 	0 	0.0396878 	-0.130249 	0.0396878 	9.3174e-06 	0.000314138 	0.00284103 	0.000238877 	
0 	0 	0 	0 	0 	0.0396878 	0 	0.0396878 	-0.0905611 	7.65236e-06 	0.000279066 	0.000243078 	0.00260216 	
0.00543859 	0.00588717 	0.00543859 	0.000533426 	0.000600466 	0.000533426 	1.46273e-05 	1.78099e-05 	1.46273e-05 	-0.0958071 	0 	0 	0 	
0.000533426 	0.000600466 	0.000533426 	0.00543859 	0.00588717 	0.00543859 	0.000533426 	0.000600466 	0.000533426 	0 	-0.0958071 	0 	0 	
1.93801e-05 	1.93801e-05 	9.89559e-06 	0.000792802 	0.000792802 	0.000115228 	0.00814583 	0.00814583 	0.000696955 	0 	0 	-0.0958071 	0 	
5.12155e-06 	1.46696e-05 	2.40907e-05 	1.46696e-05 	0.000215787 	0.00136982 	2.40907e-05 	0.00136982 	0.0149218 	0 	0 	0 	-0.0958071 	
row = 13, column = 13
-0.249294 	0 	0 	0 	0 	0 	0 	0 	0 	0 	0 	0 	0 	
-0.0104179 	0 	0 	0 	0 	0 	0 	0 	0 	0 	0 	0 	0 	
-0.170005 	0 	0 	0 	0 	0 	0 	0 	0 	0 	0 	0 	0 	
-0.0497731 	0 	0 	0 	0 	0 	0 	0 	0 	0 	0 	0 	0 	
-0.169894 	0 	0 	0 	0 	0 	0 	0 	0 	0 	0 	0 	0 	
-0.0506215 	0 	0 	0 	0 	0 	0 	0 	0 	0 	0 	0 	0 	
-0.131281 	0 	0 	0 	0 	0 	0 	0 	0 	0 	0 	0 	0 	
-0.130287 	0 	0 	0 	0 	0 	0 	0 	0 	0 	0 	0 	0 	
-0.0886017 	0 	0 	0 	0 	0 	0 	0 	0 	0 	0 	0 	0 	
-0.0947658 	0 	0 	0 	0 	0 	0 	0 	0 	0 	0 	0 	0 	
-0.0978489 	0 	0 	0 	0 	0 	0 	0 	0 	0 	0 	0 	0 	
-0.0965403 	0 	0 	0 	0 	0 	0 	0 	0 	0 	0 	0 	0 	
-0.0968649 	0 	0 	0 	0 	0 	0 	0 	0 	0 	0 	0 	0 	

2.26527e-26, -9.88436e-30, 2.89373e-33, -1.01038e-32, 2.01734e-33, -3.39147e-33, -7.51678e-34, 8.28828e-35, -2.3509e-35, -6.54759e-37, -1.32444e-37, -4.64105e-38, -2.86659e-39, 




matrix size = 9
row = 9, column = 9
-0.0905611 	0.0397 	0 	0.0396878 	0 	0 	0 	0 	0 	
0.0396878 	-0.13 	0.0397 	0 	0.0396878 	0 	0 	0 	0 	
0 	0.0397 	-0.0906 	0 	0 	0.0396878 	0 	0 	0 	
0.0396878 	0 	0 	-0.130249 	0.0396878 	0 	0.0396878 	0 	0 	
0 	0.0396878 	0 	0.0396878 	-0.169937 	0.0396878 	0 	0.0396878 	0 	
0 	0 	0.0396878 	0 	0.0396878 	-0.130249 	0 	0 	0.0396878 	
0 	0 	0 	0.0396878 	0 	0 	-0.0905611 	0.0396878 	0 	
0 	0 	0 	0 	0.0396878 	0 	0.0396878 	-0.130249 	0.0396878 	
0 	0 	0 	0 	0 	0.0396878 	0 	0.0396878 	-0.0905611 	
row = 9, column = 9
-0.249288 	0 	0 	0 	0 	0 	0 	0 	0 	
-0.0111579 	0 	0 	0 	0 	0 	0 	0 	0 	
-0.16994 	0 	0 	0 	0 	0 	0 	0 	0 	
-0.169863 	0 	0 	0 	0 	0 	0 	0 	0 	
-0.0905708 	0 	0 	0 	0 	0 	0 	0 	0 	
-0.0508315 	0 	0 	0 	0 	0 	0 	0 	0 	
-0.0508803 	0 	0 	0 	0 	0 	0 	0 	0 	
-0.130253 	0 	0 	0 	0 	0 	0 	0 	0 	
-0.130182 	0 	0 	0 	0 	0 	0 	0 	0 	

-8.66698e-24, -1.77908e-25, -2.44941e-28, -1.91062e-28, -6.87131e-27, -8.11437e-30, 3.36081e-29, -3.15527e-29, 2.53011e-30, 
