row = 68, column = 68
1 	0.0172759 	0.0616744 	0.095226 	-0.00733242 	-0.0137784 	0.105181 	-0.00252825 	-0.128685 	-0.15999 	-0.0719649 	0.0719649 	-0.0559008 	0.0559008 	0.066398 	-0.066398 	-0.00102381 	0.00102381 	-0.190884 	0.190884 	-0.127274 	0.127274 	0.150926 	-0.150926 	-0.412845 	0.412845 	-0.025907 	-0.106939 	-0.265654 	-0.216897 	-0.0360891 	-0.336165 	-0.306893 	-0.0610542 	0 	0 	0 	0 	0 	0 	0 	0 	0 	0 	0.167562 	0.167562 	0.0427374 	0.0427374 	0.122044 	0.122044 	0.392133 	0.392133 	0.0477028 	0.0477028 	0.0399858 	0.0399858 	-0.131078 	-0.131078 	0.0725989 	0.0725989 	0 	0 	0 	0 	0 	0 	0 	0 	
0.0172759 	1 	-0.0293118 	-0.0431161 	0.0110683 	0.0213378 	-0.0562334 	0.010412 	0.0742061 	0.256921 	0.0749656 	-0.0749656 	0.0562903 	-0.0562903 	-0.0486798 	0.0486798 	0.0370878 	-0.0370878 	0.270001 	-0.270001 	0.1841 	-0.1841 	-0.235248 	0.235248 	0.585535 	-0.585535 	0.0179567 	0.0818292 	0.35457 	0.309269 	0.0248137 	0.498156 	0.459117 	0.0496612 	0 	0 	0 	0 	0 	0 	0 	0 	0 	0 	-0.153301 	-0.153301 	-0.0335038 	-0.0335038 	-0.142414 	-0.142414 	-0.409752 	-0.409752 	-0.0259968 	-0.0259968 	-0.0310448 	-0.0310448 	0.160236 	0.160236 	-0.03407 	-0.03407 	0 	0 	0 	0 	0 	0 	0 	0 	
0.0616744 	-0.0293118 	1 	0.0796923 	-0.267862 	-0.0209616 	0.143561 	0.0333174 	-0.202093 	-0.149639 	-0.106641 	0.106641 	0.22143 	-0.22143 	-0.350228 	0.350228 	-0.0883541 	0.0883541 	0.0172464 	-0.0172464 	-0.344056 	0.344056 	-0.322421 	0.322421 	-0.135516 	0.135516 	-0.0957921 	-0.220272 	-0.237261 	-0.104097 	0.365267 	-0.382323 	-0.338553 	0.203656 	0 	0 	0 	0 	0 	0 	0 	0 	0 	0 	0.0416332 	0.0416332 	0.407411 	0.407411 	-0.408317 	-0.408317 	0.0361637 	0.0361637 	0.0167713 	0.0167713 	0.282723 	0.282723 	0.303995 	0.303995 	0.058125 	0.058125 	0 	0 	0 	0 	0 	0 	0 	0 	
0.095226 	-0.0431161 	0.0796923 	1 	-0.0218455 	-0.35225 	0.298378 	0.0530527 	-0.719284 	-0.572973 	-0.0945064 	0.0945064 	-0.102047 	0.102047 	-0.143707 	0.143707 	-0.0602286 	0.0602286 	-0.233142 	0.233142 	0.19797 	-0.19797 	-0.162234 	0.162234 	-0.00111911 	0.00111911 	-0.012023 	0.14484 	-0.2727 	0.350482 	-0.210642 	0.158139 	0.135117 	0.208151 	0 	0 	0 	0 	0 	0 	0 	0 	0 	0 	0.500072 	0.500072 	-0.260124 	-0.260124 	-0.251686 	-0.251686 	0.0244485 	0.0244485 	0.438732 	0.438732 	-0.190346 	-0.190346 	0.110804 	0.110804 	-0.0480023 	-0.0480023 	0 	0 	0 	0 	0 	0 	0 	0 	
-0.00733242 	0.0110683 	-0.267862 	-0.0218455 	1 	0.00108287 	-0.0441574 	0.00516342 	0.130113 	0.163034 	0.0896565 	-0.0896565 	-0.183979 	0.183979 	0.319335 	-0.319335 	0.0609233 	-0.0609233 	-0.078474 	0.078474 	0.44094 	-0.44094 	0.489079 	-0.489079 	0.153163 	-0.153163 	0.0497151 	0.172329 	0.297124 	0.0892888 	-0.40966 	0.480503 	0.393341 	-0.239325 	0 	0 	0 	0 	0 	0 	0 	0 	0 	0 	0.0198989 	0.0198989 	-0.391466 	-0.391466 	0.455456 	0.455456 	-0.026281 	-0.026281 	-0.00142557 	-0.00142557 	-0.295344 	-0.295344 	-0.371761 	-0.371761 	-0.069601 	-0.069601 	0 	0 	0 	0 	0 	0 	0 	0 	
-0.0137784 	0.0213378 	-0.0209616 	-0.35225 	0.00108287 	1 	-0.102738 	-0.00944694 	0.42678 	0.772887 	0.0324165 	-0.0324165 	0.0862977 	-0.0862977 	0.145628 	-0.145628 	0.0515242 	-0.0515242 	0.285489 	-0.285489 	-0.337973 	0.337973 	0.262812 	-0.262812 	-0.0444895 	0.0444895 	-0.0267166 	-0.106639 	0.348388 	-0.529595 	0.234736 	-0.272993 	-0.275714 	-0.259301 	0 	0 	0 	0 	0 	0 	0 	0 	0 	0 	-0.404046 	-0.404046 	0.301662 	0.301662 	0.27551 	0.27551 	-0.0276774 	-0.0276774 	-0.525925 	-0.525925 	0.242757 	0.242757 	-0.146246 	-0.146246 	0.0530257 	0.0530257 	0 	0 	0 	0 	0 	0 	0 	0 	
0.105181 	-0.0562334 	0.143561 	0.298378 	-0.0441574 	-0.102738 	1 	0.453768 	-0.416167 	-0.320611 	0.0183495 	-0.0183495 	0.116183 	-0.116183 	0.0902337 	-0.0902337 	-0.104701 	0.104701 	-0.36456 	0.36456 	-0.301786 	0.301786 	0.204655 	-0.204655 	0.147666 	-0.147666 	-0.442582 	0.200856 	0.324287 	-0.28623 	0.0479372 	0.00201903 	-0.362266 	-0.242187 	0 	0 	0 	0 	0 	0 	0 	0 	0 	0 	0.529308 	0.529308 	0.441674 	0.441674 	0.202459 	0.202459 	-0.385375 	-0.385375 	0.316178 	0.316178 	0.181355 	0.181355 	-0.0910307 	-0.0910307 	-0.121186 	-0.121186 	0 	0 	0 	0 	0 	0 	0 	0 	
-0.00252825 	0.010412 	0.0333174 	0.0530527 	0.00516342 	-0.00944694 	0.453768 	1 	-0.118681 	-0.245263 	0.106274 	-0.106274 	0.0900728 	-0.0900728 	0.114762 	-0.114762 	-0.056062 	0.056062 	-0.387316 	0.387316 	-0.382339 	0.382339 	0.313322 	-0.313322 	0.323358 	-0.323358 	-0.319055 	0.133882 	0.542685 	-0.380141 	0.0247244 	0.106876 	-0.394736 	-0.288685 	0 	0 	0 	0 	0 	0 	0 	0 	0 	0 	0.402708 	0.402708 	0.469008 	0.469008 	0.284537 	0.284537 	-0.471988 	-0.471988 	0.275311 	0.275311 	0.193167 	0.193167 	-0.122409 	-0.122409 	-0.139777 	-0.139777 	0 	0 	0 	0 	0 	0 	0 	0 	
-0.128685 	0.0742061 	-0.202093 	-0.719284 	0.130113 	0.42678 	-0.416167 	-0.118681 	1 	0.482578 	0.394648 	-0.394648 	-0.0158595 	0.0158595 	0.0942983 	-0.0942983 	0.09642 	-0.09642 	0.253568 	-0.253568 	-0.0465127 	0.0465127 	0.16942 	-0.16942 	0.00899837 	-0.00899837 	0.0213507 	-0.0393505 	0.168693 	-0.182158 	-0.00579959 	-0.0212371 	0.00991973 	-0.0255019 	0 	0 	0 	0 	0 	0 	0 	0 	0 	0 	-0.430843 	-0.430843 	0.0813195 	0.0813195 	0.277307 	0.277307 	0.0662643 	0.0662643 	-0.262406 	-0.262406 	0.0438017 	0.0438017 	-0.126898 	-0.126898 	0.0393698 	0.0393698 	0 	0 	0 	0 	0 	0 	0 	0 	
-0.15999 	0.256921 	-0.149639 	-0.572973 	0.163034 	0.772887 	-0.320611 	-0.245263 	0.482578 	1 	-0.0389629 	0.0389629 	0.063834 	-0.063834 	0.174556 	-0.174556 	0.0905375 	-0.0905375 	0.49841 	-0.49841 	-0.0399435 	0.0399435 	0.146514 	-0.146514 	0.205743 	-0.205743 	0.0716229 	-0.059884 	0.464758 	-0.249249 	0.154222 	0.0490626 	0.156477 	-0.225834 	0 	0 	0 	0 	0 	0 	0 	0 	0 	0 	-0.629399 	-0.629399 	0.0661458 	0.0661458 	0.203354 	0.203354 	-0.139288 	-0.139288 	-0.66551 	-0.66551 	0.117983 	0.117983 	-0.104445 	-0.104445 	0.0520494 	0.0520494 	0 	0 	0 	0 	0 	0 	0 	0 	
-0.0719649 	0.0749656 	-0.106641 	-0.0945064 	0.0896565 	0.0324165 	0.0183495 	0.106274 	0.394648 	-0.0389629 	0.391027 	-0.391027 	-1.47904e-05 	1.47904e-05 	0.0395658 	-0.0395658 	-0.0154369 	0.0154369 	-0.0115181 	0.0115181 	0.012604 	-0.012604 	0.0842761 	-0.0842761 	0.128447 	-0.128447 	0.0899435 	-0.0561427 	0.120967 	0.0144877 	-0.11195 	0.151529 	0.0314099 	-0.0260823 	0 	0 	0 	0 	0 	0 	0 	0 	0 	0 	0.0384049 	0.0384049 	0.0502487 	0.0502487 	0.141101 	0.141101 	-0.100255 	-0.100255 	0.176504 	0.176504 	-0.0270701 	-0.0270701 	-0.0540182 	-0.0540182 	-0.0463803 	-0.0463803 	0 	0 	0 	0 	0 	0 	0 	0 	
0.0719649 	-0.0749656 	0.106641 	0.0945064 	-0.0896565 	-0.0324165 	-0.0183495 	-0.106274 	-0.394648 	0.0389629 	-0.391027 	0.391027 	1.47904e-05 	-1.47904e-05 	-0.0395658 	0.0395658 	0.0154369 	-0.0154369 	0.0115181 	-0.0115181 	-0.012604 	0.012604 	-0.0842761 	0.0842761 	-0.128447 	0.128447 	-0.0899435 	0.0561427 	-0.120967 	-0.0144877 	0.11195 	-0.151529 	-0.0314099 	0.0260823 	0 	0 	0 	0 	0 	0 	0 	0 	0 	0 	-0.0384049 	-0.0384049 	-0.0502487 	-0.0502487 	-0.141101 	-0.141101 	0.100255 	0.100255 	-0.176504 	-0.176504 	0.0270701 	0.0270701 	0.0540182 	0.0540182 	0.0463803 	0.0463803 	0 	0 	0 	0 	0 	0 	0 	0 	
-0.0559008 	0.0562903 	0.22143 	-0.102047 	-0.183979 	0.0862977 	0.116183 	0.0900728 	-0.0158595 	0.063834 	-1.47904e-05 	1.47904e-05 	0.234383 	-0.234383 	-0.0703822 	0.0703822 	0.00219289 	-0.00219289 	0.0345556 	-0.0345556 	-0.220889 	0.220889 	-0.0904841 	0.0904841 	0.0531657 	-0.0531657 	0.088206 	-0.0409697 	0.0881264 	-0.157695 	0.251093 	-0.14007 	-0.188271 	-0.016225 	0 	0 	0 	0 	0 	0 	0 	0 	0 	0 	-0.0338048 	-0.0338048 	0.258501 	0.258501 	-0.0774512 	-0.0774512 	-0.136142 	-0.136142 	-0.0524796 	-0.0524796 	0.216729 	0.216729 	0.100363 	0.100363 	0.0145483 	0.0145483 	0 	0 	0 	0 	0 	0 	0 	0 	
0.0559008 	-0.0562903 	-0.22143 	0.102047 	0.183979 	-0.0862977 	-0.116183 	-0.0900728 	0.0158595 	-0.063834 	1.47904e-05 	-1.47904e-05 	-0.234383 	0.234383 	0.0703822 	-0.0703822 	-0.00219289 	0.00219289 	-0.0345556 	0.0345556 	0.220889 	-0.220889 	0.0904841 	-0.0904841 	-0.0531657 	0.0531657 	-0.088206 	0.0409697 	-0.0881264 	0.157695 	-0.251093 	0.14007 	0.188271 	0.016225 	0 	0 	0 	0 	0 	0 	0 	0 	0 	0 	0.0338048 	0.0338048 	-0.258501 	-0.258501 	0.0774512 	0.0774512 	0.136142 	0.136142 	0.0524796 	0.0524796 	-0.216729 	-0.216729 	-0.100363 	-0.100363 	-0.0145483 	-0.0145483 	0 	0 	0 	0 	0 	0 	0 	0 	
0.066398 	-0.0486798 	-0.350228 	-0.143707 	0.319335 	0.145628 	0.0902337 	0.114762 	0.0942983 	0.174556 	0.0395658 	-0.0395658 	-0.0703822 	0.0703822 	0.331054 	-0.331054 	-0.00173984 	0.00173984 	-0.0897916 	0.0897916 	0.0550253 	-0.0550253 	0.385813 	-0.385813 	0.0338415 	-0.0338415 	0.0685259 	-0.0212978 	0.299092 	-0.191967 	-0.190738 	0.126188 	0.00532242 	-0.353518 	0 	0 	0 	0 	0 	0 	0 	0 	0 	0 	-0.00468784 	-0.00468784 	-0.0568291 	-0.0568291 	0.412628 	0.412628 	-0.0498209 	-0.0498209 	-0.0734177 	-0.0734177 	-0.0609636 	-0.0609636 	-0.301154 	-0.301154 	-0.048633 	-0.048633 	0 	0 	0 	0 	0 	0 	0 	0 	
-0.066398 	0.0486798 	0.350228 	0.143707 	-0.319335 	-0.145628 	-0.0902337 	-0.114762 	-0.0942983 	-0.174556 	-0.0395658 	0.0395658 	0.0703822 	-0.0703822 	-0.331054 	0.331054 	0.00173984 	-0.00173984 	0.0897916 	-0.0897916 	-0.0550253 	0.0550253 	-0.385813 	0.385813 	-0.0338415 	0.0338415 	-0.0685259 	0.0212978 	-0.299092 	0.191967 	0.190738 	-0.126188 	-0.00532242 	0.353518 	0 	0 	0 	0 	0 	0 	0 	0 	0 	0 	0.00468784 	0.00468784 	0.0568291 	0.0568291 	-0.412628 	-0.412628 	0.0498209 	0.0498209 	0.0734177 	0.0734177 	0.0609636 	0.0609636 	0.301154 	0.301154 	0.048633 	0.048633 	0 	0 	0 	0 	0 	0 	0 	0 	
-0.00102381 	0.0370878 	-0.0883541 	-0.0602286 	0.0609233 	0.0515242 	-0.104701 	-0.056062 	0.09642 	0.0905375 	-0.0154369 	0.0154369 	0.00219289 	-0.00219289 	-0.00173984 	0.00173984 	0.148483 	-0.148483 	0.0464801 	-0.0464801 	0.0462108 	-0.0462108 	0.0209576 	-0.0209576 	-0.0317263 	0.0317263 	-0.0687863 	0.272382 	-0.0501604 	0.00134331 	0.145366 	-0.00527236 	0.0426453 	0.0713005 	0 	0 	0 	0 	0 	0 	0 	0 	0 	0 	-0.055179 	-0.055179 	-0.0811529 	-0.0811529 	0.068429 	0.068429 	0.0576847 	0.0576847 	-0.0679989 	-0.0679989 	-0.0142872 	-0.0142872 	-0.0215926 	-0.0215926 	0.0486458 	0.0486458 	0 	0 	0 	0 	0 	0 	0 	0 	
0.00102381 	-0.0370878 	0.0883541 	0.0602286 	-0.0609233 	-0.0515242 	0.104701 	0.056062 	-0.09642 	-0.0905375 	0.0154369 	-0.0154369 	-0.00219289 	0.00219289 	0.00173984 	-0.00173984 	-0.148483 	0.148483 	-0.0464801 	0.0464801 	-0.0462108 	0.0462108 	-0.0209576 	0.0209576 	0.0317263 	-0.0317263 	0.0687863 	-0.272382 	0.0501604 	-0.00134331 	-0.145366 	0.00527236 	-0.0426453 	-0.0713005 	0 	0 	0 	0 	0 	0 	0 	0 	0 	0 	0.055179 	0.055179 	0.0811529 	0.0811529 	-0.068429 	-0.068429 	-0.0576847 	-0.0576847 	0.0679989 	0.0679989 	0.0142872 	0.0142872 	0.0215926 	0.0215926 	-0.0486458 	-0.0486458 	0 	0 	0 	0 	0 	0 	0 	0 	
-0.190884 	0.270001 	0.0172464 	-0.233142 	-0.078474 	0.285489 	-0.36456 	-0.387316 	0.253568 	0.49841 	-0.0115181 	0.0115181 	0.0345556 	-0.0345556 	-0.0897916 	0.0897916 	0.0464801 	-0.0464801 	0.443133 	-0.443133 	0.11887 	-0.11887 	-0.25076 	0.25076 	0.173222 	-0.173222 	0.149804 	-0.0909583 	0.0466896 	0.175556 	0.143679 	0.100593 	0.315188 	0.10795 	0 	0 	0 	0 	0 	0 	0 	0 	0 	0 	-0.448011 	-0.448011 	-0.0908776 	-0.0908776 	-0.195667 	-0.195667 	-0.0558389 	-0.0558389 	-0.332902 	-0.332902 	-0.000717077 	-0.000717077 	0.157989 	0.157989 	0.0578023 	0.0578023 	0 	0 	0 	0 	0 	0 	0 	0 	
0.190884 	-0.270001 	-0.0172464 	0.233142 	0.078474 	-0.285489 	0.36456 	0.387316 	-0.253568 	-0.49841 	0.0115181 	-0.0115181 	-0.0345556 	0.0345556 	0.0897916 	-0.0897916 	-0.0464801 	0.0464801 	-0.443133 	0.443133 	-0.11887 	0.11887 	0.25076 	-0.25076 	-0.173222 	0.173222 	-0.149804 	0.0909583 	-0.0466896 	-0.175556 	-0.143679 	-0.100593 	-0.315188 	-0.10795 	0 	0 	0 	0 	0 	0 	0 	0 	0 	0 	0.448011 	0.448011 	0.0908776 	0.0908776 	0.195667 	0.195667 	0.0558389 	0.0558389 	0.332902 	0.332902 	0.000717077 	0.000717077 	-0.157989 	-0.157989 	-0.0578023 	-0.0578023 	0 	0 	0 	0 	0 	0 	0 	0 	
-0.127274 	0.1841 	-0.344056 	0.19797 	0.44094 	-0.337973 	-0.301786 	-0.382339 	-0.0465127 	-0.0399435 	0.012604 	-0.012604 	-0.220889 	0.220889 	0.0550253 	-0.0550253 	0.0462108 	-0.0462108 	0.11887 	-0.11887 	0.68099 	-0.68099 	-0.0733017 	0.0733017 	0.218402 	-0.218402 	0.20113 	0.130942 	-0.080323 	0.622464 	-0.400656 	0.587815 	0.752328 	0.139514 	0 	0 	0 	0 	0 	0 	0 	0 	0 	0 	-0.0588495 	-0.0588495 	-0.654991 	-0.654991 	-0.056738 	-0.056738 	0.0325581 	0.0325581 	0.0993776 	0.0993776 	-0.429225 	-0.429225 	-0.0301879 	-0.0301879 	-0.0298364 	-0.0298364 	0 	0 	0 	0 	0 	0 	0 	0 	
0.127274 	-0.1841 	0.344056 	-0.19797 	-0.44094 	0.337973 	0.301786 	0.382339 	0.0465127 	0.0399435 	-0.012604 	0.012604 	0.220889 	-0.220889 	-0.0550253 	0.0550253 	-0.0462108 	0.0462108 	-0.11887 	0.11887 	-0.68099 	0.68099 	0.0733017 	-0.0733017 	-0.218402 	0.218402 	-0.20113 	-0.130942 	0.080323 	-0.622464 	0.400656 	-0.587815 	-0.752328 	-0.139514 	0 	0 	0 	0 	0 	0 	0 	0 	0 	0 	0.0588495 	0.0588495 	0.654991 	0.654991 	0.056738 	0.056738 	-0.0325581 	-0.0325581 	-0.0993776 	-0.0993776 	0.429225 	0.429225 	0.0301879 	0.0301879 	0.0298364 	0.0298364 	0 	0 	0 	0 	0 	0 	0 	0 	
0.150926 	-0.235248 	-0.322421 	-0.162234 	0.489079 	0.262812 	0.204655 	0.313322 	0.16942 	0.146514 	0.0842761 	-0.0842761 	-0.0904841 	0.0904841 	0.385813 	-0.385813 	0.0209576 	-0.0209576 	-0.25076 	0.25076 	-0.0733017 	0.0733017 	0.661347 	-0.661347 	-0.114233 	0.114233 	-0.102519 	0.0824624 	0.341967 	-0.447598 	-0.213573 	-0.00802952 	-0.236503 	-0.424816 	0 	0 	0 	0 	0 	0 	0 	0 	0 	0 	0.116289 	0.116289 	0.0481099 	0.0481099 	0.62725 	0.62725 	0.027029 	0.027029 	-0.0569772 	-0.0569772 	-0.0159096 	-0.0159096 	-0.454955 	-0.454955 	-0.0567106 	-0.0567106 	0 	0 	0 	0 	0 	0 	0 	0 	
-0.150926 	0.235248 	0.322421 	0.162234 	-0.489079 	-0.262812 	-0.204655 	-0.313322 	-0.16942 	-0.146514 	-0.0842761 	0.0842761 	0.0904841 	-0.0904841 	-0.385813 	0.385813 	-0.0209576 	0.0209576 	0.25076 	-0.25076 	0.0733017 	-0.0733017 	-0.661347 	0.661347 	0.114233 	-0.114233 	0.102519 	-0.0824624 	-0.341967 	0.447598 	0.213573 	0.00802952 	0.236503 	0.424816 	0 	0 	0 	0 	0 	0 	0 	0 	0 	0 	-0.116289 	-0.116289 	-0.0481099 	-0.0481099 	-0.62725 	-0.62725 	-0.027029 	-0.027029 	0.0569772 	0.0569772 	0.0159096 	0.0159096 	0.454955 	0.454955 	0.0567106 	0.0567106 	0 	0 	0 	0 	0 	0 	0 	0 	
-0.412845 	0.585535 	-0.135516 	-0.00111911 	0.153163 	-0.0444895 	0.147666 	0.323358 	0.00899837 	0.205743 	0.128447 	-0.128447 	0.0531657 	-0.0531657 	0.0338415 	-0.0338415 	-0.0317263 	0.0317263 	0.173222 	-0.173222 	0.218402 	-0.218402 	-0.114233 	0.114233 	0.936073 	-0.936073 	-0.0901483 	0.164948 	0.735332 	0.333985 	-0.110619 	0.815108 	0.56 	-0.0932366 	0 	0 	0 	0 	0 	0 	0 	0 	0 	0 	-0.0360129 	-0.0360129 	0.0218037 	0.0218037 	-0.0417004 	-0.0417004 	-0.805294 	-0.805294 	0.0881532 	0.0881532 	-0.0676106 	-0.0676106 	0.110661 	0.110661 	-0.162065 	-0.162065 	0 	0 	0 	0 	0 	0 	0 	0 	
0.412845 	-0.585535 	0.135516 	0.00111911 	-0.153163 	0.0444895 	-0.147666 	-0.323358 	-0.00899837 	-0.205743 	-0.128447 	0.128447 	-0.0531657 	0.0531657 	-0.0338415 	0.0338415 	0.0317263 	-0.0317263 	-0.173222 	0.173222 	-0.218402 	0.218402 	0.114233 	-0.114233 	-0.936073 	0.936073 	0.0901483 	-0.164948 	-0.735332 	-0.333985 	0.110619 	-0.815108 	-0.56 	0.0932366 	0 	0 	0 	0 	0 	0 	0 	0 	0 	0 	0.0360129 	0.0360129 	-0.0218037 	-0.0218037 	0.0417004 	0.0417004 	0.805294 	0.805294 	-0.0881532 	-0.0881532 	0.0676106 	0.0676106 	-0.110661 	-0.110661 	0.162065 	0.162065 	0 	0 	0 	0 	0 	0 	0 	0 	
-0.025907 	0.0179567 	-0.0957921 	-0.012023 	0.0497151 	-0.0267166 	-0.442582 	-0.319055 	0.0213507 	0.0716229 	0.0899435 	-0.0899435 	0.088206 	-0.088206 	0.0685259 	-0.0685259 	-0.0687863 	0.0687863 	0.149804 	-0.149804 	0.20113 	-0.20113 	-0.102519 	0.102519 	-0.0901483 	0.0901483 	1 	-0.641131 	-0.173807 	0.176149 	-0.0757419 	0.0245433 	0.195222 	-0.108392 	0 	0 	0 	0 	0 	0 	0 	0 	0 	0 	-0.264128 	-0.264128 	-0.304211 	-0.304211 	-0.122149 	-0.122149 	0.207721 	0.207721 	-0.0561474 	-0.0561474 	-0.0939499 	-0.0939499 	0.0236755 	0.0236755 	0.04118 	0.04118 	0 	0 	0 	0 	0 	0 	0 	0 	
-0.106939 	0.0818292 	-0.220272 	0.14484 	0.172329 	-0.106639 	0.200856 	0.133882 	-0.0393505 	-0.059884 	-0.0561427 	0.0561427 	-0.0409697 	0.0409697 	-0.0212978 	0.0212978 	0.272382 	-0.272382 	-0.0909583 	0.0909583 	0.130942 	-0.130942 	0.0824624 	-0.0824624 	0.164948 	-0.164948 	-0.641131 	1 	0.100904 	0.0780869 	0.0482905 	0.216663 	0.136953 	0.244068 	0 	0 	0 	0 	0 	0 	0 	0 	0 	0 	0.23586 	0.23586 	-0.133616 	-0.133616 	0.159838 	0.159838 	-0.170141 	-0.170141 	0.0865151 	0.0865151 	-0.0712329 	-0.0712329 	-0.0522027 	-0.0522027 	-0.00965409 	-0.00965409 	0 	0 	0 	0 	0 	0 	0 	0 	
-0.265654 	0.35457 	-0.237261 	-0.2727 	0.297124 	0.348388 	0.324287 	0.542685 	0.168693 	0.464758 	0.120967 	-0.120967 	0.0881264 	-0.0881264 	0.299092 	-0.299092 	-0.0501604 	0.0501604 	0.0466896 	-0.0466896 	-0.080323 	0.080323 	0.341967 	-0.341967 	0.735332 	-0.735332 	-0.173807 	0.100904 	1 	-0.227723 	-0.147624 	0.53563 	0.137167 	-0.443452 	0 	0 	0 	0 	0 	0 	0 	0 	0 	0 	-0.0528591 	-0.0528591 	0.274309 	0.274309 	0.383006 	0.383006 	-0.74711 	-0.74711 	-0.122396 	-0.122396 	0.100391 	0.100391 	-0.189471 	-0.189471 	-0.170705 	-0.170705 	0 	0 	0 	0 	0 	0 	0 	0 	
-0.216897 	0.309269 	-0.104097 	0.350482 	0.0892888 	-0.529595 	-0.28623 	-0.380141 	-0.182158 	-0.249249 	0.0144877 	-0.0144877 	-0.157695 	0.157695 	-0.191967 	0.191967 	0.00134331 	-0.00134331 	0.175556 	-0.175556 	0.622464 	-0.622464 	-0.447598 	0.447598 	0.333985 	-0.333985 	0.176149 	0.0780869 	-0.227723 	1 	-0.244032 	0.588502 	0.785276 	0.622431 	0 	0 	0 	0 	0 	0 	0 	0 	0 	0 	-0.0109993 	-0.0109993 	-0.557167 	-0.557167 	-0.416053 	-0.416053 	-0.0776429 	-0.0776429 	0.244371 	0.244371 	-0.37897 	-0.37897 	0.251159 	0.251159 	-0.0282645 	-0.0282645 	0 	0 	0 	0 	0 	0 	0 	0 	
-0.0360891 	0.0248137 	0.365267 	-0.210642 	-0.40966 	0.234736 	0.0479372 	0.0247244 	-0.00579959 	0.154222 	-0.11195 	0.11195 	0.251093 	-0.251093 	-0.190738 	0.190738 	0.145366 	-0.145366 	0.143679 	-0.143679 	-0.400656 	0.400656 	-0.213573 	0.213573 	-0.110619 	0.110619 	-0.0757419 	0.0482905 	-0.147624 	-0.244032 	1 	-0.409426 	-0.354629 	-0.0432456 	0 	0 	0 	0 	0 	0 	0 	0 	0 	0 	-0.195361 	-0.195361 	0.445792 	0.445792 	-0.119098 	-0.119098 	-0.0948843 	-0.0948843 	-0.186502 	-0.186502 	0.313521 	0.313521 	0.215409 	0.215409 	0.109458 	0.109458 	0 	0 	0 	0 	0 	0 	0 	0 	
-0.336165 	0.498156 	-0.382323 	0.158139 	0.480503 	-0.272993 	0.00201903 	0.106876 	-0.0212371 	0.0490626 	0.151529 	-0.151529 	-0.14007 	0.14007 	0.126188 	-0.126188 	-0.00527236 	0.00527236 	0.100593 	-0.100593 	0.587815 	-0.587815 	-0.00802952 	0.00802952 	0.815108 	-0.815108 	0.0245433 	0.216663 	0.53563 	0.588502 	-0.409426 	1 	0.842206 	-0.0532765 	0 	0 	0 	0 	0 	0 	0 	0 	0 	0 	0.0341088 	0.0341088 	-0.39176 	-0.39176 	0.0494152 	0.0494152 	-0.574658 	-0.574658 	0.206345 	0.206345 	-0.347387 	-0.347387 	-0.0219319 	-0.0219319 	-0.16255 	-0.16255 	0 	0 	0 	0 	0 	0 	0 	0 	
-0.306893 	0.459117 	-0.338553 	0.135117 	0.393341 	-0.275714 	-0.362266 	-0.394736 	0.00991973 	0.156477 	0.0314099 	-0.0314099 	-0.188271 	0.188271 	0.00532242 	-0.00532242 	0.0426453 	-0.0426453 	0.315188 	-0.315188 	0.752328 	-0.752328 	-0.236503 	0.236503 	0.56 	-0.56 	0.195222 	0.136953 	0.137167 	0.785276 	-0.354629 	0.842206 	1 	0.166089 	0 	0 	0 	0 	0 	0 	0 	0 	0 	0 	-0.20586 	-0.20586 	-0.641435 	-0.641435 	-0.178174 	-0.178174 	-0.237272 	-0.237272 	0.0292713 	0.0292713 	-0.430384 	-0.430384 	0.0908559 	0.0908559 	-0.057161 	-0.057161 	0 	0 	0 	0 	0 	0 	0 	0 	
-0.0610542 	0.0496612 	0.203656 	0.208151 	-0.239325 	-0.259301 	-0.242187 	-0.288685 	-0.0255019 	-0.225834 	-0.0260823 	0.0260823 	-0.016225 	0.016225 	-0.353518 	0.353518 	0.0713005 	-0.0713005 	0.10795 	-0.10795 	0.139514 	-0.139514 	-0.424816 	0.424816 	-0.0932366 	0.0932366 	-0.108392 	0.244068 	-0.443452 	0.622431 	-0.0432456 	-0.0532765 	0.166089 	1 	0 	0 	0 	0 	0 	0 	0 	0 	0 	0 	0.0249924 	0.0249924 	-0.20307 	-0.20307 	-0.442504 	-0.442504 	0.210386 	0.210386 	0.103073 	0.103073 	-0.0677134 	-0.0677134 	0.289214 	0.289214 	0.0721174 	0.0721174 	0 	0 	0 	0 	0 	0 	0 	0 	
0 	0 	0 	0 	0 	0 	0 	0 	0 	0 	0 	0 	0 	0 	0 	0 	0 	0 	0 	0 	0 	0 	0 	0 	0 	0 	0 	0 	0 	0 	0 	0 	0 	0 	0 	0 	0 	0 	0 	0 	0 	0 	0 	0 	0 	0 	0 	0 	0 	0 	0 	0 	0 	0 	0 	0 	0 	0 	0 	0 	0 	0 	0 	0 	0 	0 	0 	0 	
0 	0 	0 	0 	0 	0 	0 	0 	0 	0 	0 	0 	0 	0 	0 	0 	0 	0 	0 	0 	0 	0 	0 	0 	0 	0 	0 	0 	0 	0 	0 	0 	0 	0 	0 	0 	0 	0 	0 	0 	0 	0 	0 	0 	0 	0 	0 	0 	0 	0 	0 	0 	0 	0 	0 	0 	0 	0 	0 	0 	0 	0 	0 	0 	0 	0 	0 	0 	
0 	0 	0 	0 	0 	0 	0 	0 	0 	0 	0 	0 	0 	0 	0 	0 	0 	0 	0 	0 	0 	0 	0 	0 	0 	0 	0 	0 	0 	0 	0 	0 	0 	0 	0 	0 	0 	0 	0 	0 	0 	0 	0 	0 	0 	0 	0 	0 	0 	0 	0 	0 	0 	0 	0 	0 	0 	0 	0 	0 	0 	0 	0 	0 	0 	0 	0 	0 	
0 	0 	0 	0 	0 	0 	0 	0 	0 	0 	0 	0 	0 	0 	0 	0 	0 	0 	0 	0 	0 	0 	0 	0 	0 	0 	0 	0 	0 	0 	0 	0 	0 	0 	0 	0 	0 	0 	0 	0 	0 	0 	0 	0 	0 	0 	0 	0 	0 	0 	0 	0 	0 	0 	0 	0 	0 	0 	0 	0 	0 	0 	0 	0 	0 	0 	0 	0 	
0 	0 	0 	0 	0 	0 	0 	0 	0 	0 	0 	0 	0 	0 	0 	0 	0 	0 	0 	0 	0 	0 	0 	0 	0 	0 	0 	0 	0 	0 	0 	0 	0 	0 	0 	0 	0 	0 	0 	0 	0 	0 	0 	0 	0 	0 	0 	0 	0 	0 	0 	0 	0 	0 	0 	0 	0 	0 	0 	0 	0 	0 	0 	0 	0 	0 	0 	0 	
0 	0 	0 	0 	0 	0 	0 	0 	0 	0 	0 	0 	0 	0 	0 	0 	0 	0 	0 	0 	0 	0 	0 	0 	0 	0 	0 	0 	0 	0 	0 	0 	0 	0 	0 	0 	0 	0 	0 	0 	0 	0 	0 	0 	0 	0 	0 	0 	0 	0 	0 	0 	0 	0 	0 	0 	0 	0 	0 	0 	0 	0 	0 	0 	0 	0 	0 	0 	
0 	0 	0 	0 	0 	0 	0 	0 	0 	0 	0 	0 	0 	0 	0 	0 	0 	0 	0 	0 	0 	0 	0 	0 	0 	0 	0 	0 	0 	0 	0 	0 	0 	0 	0 	0 	0 	0 	0 	0 	0 	0 	0 	0 	0 	0 	0 	0 	0 	0 	0 	0 	0 	0 	0 	0 	0 	0 	0 	0 	0 	0 	0 	0 	0 	0 	0 	0 	
0 	0 	0 	0 	0 	0 	0 	0 	0 	0 	0 	0 	0 	0 	0 	0 	0 	0 	0 	0 	0 	0 	0 	0 	0 	0 	0 	0 	0 	0 	0 	0 	0 	0 	0 	0 	0 	0 	0 	0 	0 	0 	0 	0 	0 	0 	0 	0 	0 	0 	0 	0 	0 	0 	0 	0 	0 	0 	0 	0 	0 	0 	0 	0 	0 	0 	0 	0 	
0 	0 	0 	0 	0 	0 	0 	0 	0 	0 	0 	0 	0 	0 	0 	0 	0 	0 	0 	0 	0 	0 	0 	0 	0 	0 	0 	0 	0 	0 	0 	0 	0 	0 	0 	0 	0 	0 	0 	0 	0 	0 	0 	0 	0 	0 	0 	0 	0 	0 	0 	0 	0 	0 	0 	0 	0 	0 	0 	0 	0 	0 	0 	0 	0 	0 	0 	0 	
0 	0 	0 	0 	0 	0 	0 	0 	0 	0 	0 	0 	0 	0 	0 	0 	0 	0 	0 	0 	0 	0 	0 	0 	0 	0 	0 	0 	0 	0 	0 	0 	0 	0 	0 	0 	0 	0 	0 	0 	0 	0 	0 	0 	0 	0 	0 	0 	0 	0 	0 	0 	0 	0 	0 	0 	0 	0 	0 	0 	0 	0 	0 	0 	0 	0 	0 	0 	
0.167562 	-0.153301 	0.0416332 	0.500072 	0.0198989 	-0.404046 	0.529308 	0.402708 	-0.430843 	-0.629399 	0.0384049 	-0.0384049 	-0.0338048 	0.0338048 	-0.00468784 	0.00468784 	-0.055179 	0.055179 	-0.448011 	0.448011 	-0.0588495 	0.0588495 	0.116289 	-0.116289 	-0.0360129 	0.0360129 	-0.264128 	0.23586 	-0.0528591 	-0.0109993 	-0.195361 	0.0341088 	-0.20586 	0.0249924 	0 	0 	0 	0 	0 	0 	0 	0 	0 	0 	0.608973 	0.608973 	0.0645064 	0.0645064 	0.0672429 	0.0672429 	-0.0563269 	-0.0563269 	0.488072 	0.488072 	-0.0311679 	-0.0311679 	-0.0607421 	-0.0607421 	-0.0824458 	-0.0824458 	0 	0 	0 	0 	0 	0 	0 	0 	
0.167562 	-0.153301 	0.0416332 	0.500072 	0.0198989 	-0.404046 	0.529308 	0.402708 	-0.430843 	-0.629399 	0.0384049 	-0.0384049 	-0.0338048 	0.0338048 	-0.00468784 	0.00468784 	-0.055179 	0.055179 	-0.448011 	0.448011 	-0.0588495 	0.0588495 	0.116289 	-0.116289 	-0.0360129 	0.0360129 	-0.264128 	0.23586 	-0.0528591 	-0.0109993 	-0.195361 	0.0341088 	-0.20586 	0.0249924 	0 	0 	0 	0 	0 	0 	0 	0 	0 	0 	0.608973 	0.608973 	0.0645064 	0.0645064 	0.0672429 	0.0672429 	-0.0563269 	-0.0563269 	0.488072 	0.488072 	-0.0311679 	-0.0311679 	-0.0607421 	-0.0607421 	-0.0824458 	-0.0824458 	0 	0 	0 	0 	0 	0 	0 	0 	
0.0427374 	-0.0335038 	0.407411 	-0.260124 	-0.391466 	0.301662 	0.441674 	0.469008 	0.0813195 	0.0661458 	0.0502487 	-0.0502487 	0.258501 	-0.258501 	-0.0568291 	0.0568291 	-0.0811529 	0.0811529 	-0.0908776 	0.0908776 	-0.654991 	0.654991 	0.0481099 	-0.0481099 	0.0218037 	-0.0218037 	-0.304211 	-0.133616 	0.274309 	-0.557167 	0.445792 	-0.39176 	-0.641435 	-0.20307 	0 	0 	0 	0 	0 	0 	0 	0 	0 	0 	0.0645064 	0.0645064 	0.765617 	0.765617 	0.0611465 	0.0611465 	-0.273727 	-0.273727 	-0.0487448 	-0.0487448 	0.445325 	0.445325 	0.0627269 	0.0627269 	-0.0175002 	-0.0175002 	0 	0 	0 	0 	0 	0 	0 	0 	
0.0427374 	-0.0335038 	0.407411 	-0.260124 	-0.391466 	0.301662 	0.441674 	0.469008 	0.0813195 	0.0661458 	0.0502487 	-0.0502487 	0.258501 	-0.258501 	-0.0568291 	0.0568291 	-0.0811529 	0.0811529 	-0.0908776 	0.0908776 	-0.654991 	0.654991 	0.0481099 	-0.0481099 	0.0218037 	-0.0218037 	-0.304211 	-0.133616 	0.274309 	-0.557167 	0.445792 	-0.39176 	-0.641435 	-0.20307 	0 	0 	0 	0 	0 	0 	0 	0 	0 	0 	0.0645064 	0.0645064 	0.765617 	0.765617 	0.0611465 	0.0611465 	-0.273727 	-0.273727 	-0.0487448 	-0.0487448 	0.445325 	0.445325 	0.0627269 	0.0627269 	-0.0175002 	-0.0175002 	0 	0 	0 	0 	0 	0 	0 	0 	
0.122044 	-0.142414 	-0.408317 	-0.251686 	0.455456 	0.27551 	0.202459 	0.284537 	0.277307 	0.203354 	0.141101 	-0.141101 	-0.0774512 	0.0774512 	0.412628 	-0.412628 	0.068429 	-0.068429 	-0.195667 	0.195667 	-0.056738 	0.056738 	0.62725 	-0.62725 	-0.0417004 	0.0417004 	-0.122149 	0.159838 	0.383006 	-0.416053 	-0.119098 	0.0494152 	-0.178174 	-0.442504 	0 	0 	0 	0 	0 	0 	0 	0 	0 	0 	0.0672429 	0.0672429 	0.0611465 	0.0611465 	0.668946 	0.668946 	-0.039675 	-0.039675 	-0.0638399 	-0.0638399 	-0.0132598 	-0.0132598 	-0.447619 	-0.447619 	-0.050355 	-0.050355 	0 	0 	0 	0 	0 	0 	0 	0 	
0.122044 	-0.142414 	-0.408317 	-0.251686 	0.455456 	0.27551 	0.202459 	0.284537 	0.277307 	0.203354 	0.141101 	-0.141101 	-0.0774512 	0.0774512 	0.412628 	-0.412628 	0.068429 	-0.068429 	-0.195667 	0.195667 	-0.056738 	0.056738 	0.62725 	-0.62725 	-0.0417004 	0.0417004 	-0.122149 	0.159838 	0.383006 	-0.416053 	-0.119098 	0.0494152 	-0.178174 	-0.442504 	0 	0 	0 	0 	0 	0 	0 	0 	0 	0 	0.0672429 	0.0672429 	0.0611465 	0.0611465 	0.668946 	0.668946 	-0.039675 	-0.039675 	-0.0638399 	-0.0638399 	-0.0132598 	-0.0132598 	-0.447619 	-0.447619 	-0.050355 	-0.050355 	0 	0 	0 	0 	0 	0 	0 	0 	
0.392133 	-0.409752 	0.0361637 	0.0244485 	-0.026281 	-0.0276774 	-0.385375 	-0.471988 	0.0662643 	-0.139288 	-0.100255 	0.100255 	-0.136142 	0.136142 	-0.0498209 	0.0498209 	0.0576847 	-0.0576847 	-0.0558389 	0.0558389 	0.0325581 	-0.0325581 	0.027029 	-0.027029 	-0.805294 	0.805294 	0.207721 	-0.170141 	-0.74711 	-0.0776429 	-0.0948843 	-0.574658 	-0.237272 	0.210386 	0 	0 	0 	0 	0 	0 	0 	0 	0 	0 	-0.0563269 	-0.0563269 	-0.273727 	-0.273727 	-0.039675 	-0.039675 	0.851517 	0.851517 	-0.0936199 	-0.0936199 	-0.0780201 	-0.0780201 	-0.0816475 	-0.0816475 	0.173074 	0.173074 	0 	0 	0 	0 	0 	0 	0 	0 	
0.392133 	-0.409752 	0.0361637 	0.0244485 	-0.026281 	-0.0276774 	-0.385375 	-0.471988 	0.0662643 	-0.139288 	-0.100255 	0.100255 	-0.136142 	0.136142 	-0.0498209 	0.0498209 	0.0576847 	-0.0576847 	-0.0558389 	0.0558389 	0.0325581 	-0.0325581 	0.027029 	-0.027029 	-0.805294 	0.805294 	0.207721 	-0.170141 	-0.74711 	-0.0776429 	-0.0948843 	-0.574658 	-0.237272 	0.210386 	0 	0 	0 	0 	0 	0 	0 	0 	0 	0 	-0.0563269 	-0.0563269 	-0.273727 	-0.273727 	-0.039675 	-0.039675 	0.851517 	0.851517 	-0.0936199 	-0.0936199 	-0.0780201 	-0.0780201 	-0.0816475 	-0.0816475 	0.173074 	0.173074 	0 	0 	0 	0 	0 	0 	0 	0 	
0.0477028 	-0.0259968 	0.0167713 	0.438732 	-0.00142557 	-0.525925 	0.316178 	0.275311 	-0.262406 	-0.66551 	0.176504 	-0.176504 	-0.0524796 	0.0524796 	-0.0734177 	0.0734177 	-0.0679989 	0.0679989 	-0.332902 	0.332902 	0.0993776 	-0.0993776 	-0.0569772 	0.0569772 	0.0881532 	-0.0881532 	-0.0561474 	0.0865151 	-0.122396 	0.244371 	-0.186502 	0.206345 	0.0292713 	0.103073 	0 	0 	0 	0 	0 	0 	0 	0 	0 	0 	0.488072 	0.488072 	-0.0487448 	-0.0487448 	-0.0638399 	-0.0638399 	-0.0936199 	-0.0936199 	0.556867 	0.556867 	-0.124337 	-0.124337 	0.0447238 	0.0447238 	-0.0859317 	-0.0859317 	0 	0 	0 	0 	0 	0 	0 	0 	
0.0477028 	-0.0259968 	0.0167713 	0.438732 	-0.00142557 	-0.525925 	0.316178 	0.275311 	-0.262406 	-0.66551 	0.176504 	-0.176504 	-0.0524796 	0.0524796 	-0.0734177 	0.0734177 	-0.0679989 	0.0679989 	-0.332902 	0.332902 	0.0993776 	-0.0993776 	-0.0569772 	0.0569772 	0.0881532 	-0.0881532 	-0.0561474 	0.0865151 	-0.122396 	0.244371 	-0.186502 	0.206345 	0.0292713 	0.103073 	0 	0 	0 	0 	0 	0 	0 	0 	0 	0 	0.488072 	0.488072 	-0.0487448 	-0.0487448 	-0.0638399 	-0.0638399 	-0.0936199 	-0.0936199 	0.556867 	0.556867 	-0.124337 	-0.124337 	0.0447238 	0.0447238 	-0.0859317 	-0.0859317 	0 	0 	0 	0 	0 	0 	0 	0 	
0.0399858 	-0.0310448 	0.282723 	-0.190346 	-0.295344 	0.242757 	0.181355 	0.193167 	0.0438017 	0.117983 	-0.0270701 	0.0270701 	0.216729 	-0.216729 	-0.0609636 	0.0609636 	-0.0142872 	0.0142872 	-0.000717077 	0.000717077 	-0.429225 	0.429225 	-0.0159096 	0.0159096 	-0.0676106 	0.0676106 	-0.0939499 	-0.0712329 	0.100391 	-0.37897 	0.313521 	-0.347387 	-0.430384 	-0.0677134 	0 	0 	0 	0 	0 	0 	0 	0 	0 	0 	-0.0311679 	-0.0311679 	0.445325 	0.445325 	-0.0132598 	-0.0132598 	-0.0780201 	-0.0780201 	-0.124337 	-0.124337 	0.31901 	0.31901 	0.065251 	0.065251 	0.0301303 	0.0301303 	0 	0 	0 	0 	0 	0 	0 	0 	
0.0399858 	-0.0310448 	0.282723 	-0.190346 	-0.295344 	0.242757 	0.181355 	0.193167 	0.0438017 	0.117983 	-0.0270701 	0.0270701 	0.216729 	-0.216729 	-0.0609636 	0.0609636 	-0.0142872 	0.0142872 	-0.000717077 	0.000717077 	-0.429225 	0.429225 	-0.0159096 	0.0159096 	-0.0676106 	0.0676106 	-0.0939499 	-0.0712329 	0.100391 	-0.37897 	0.313521 	-0.347387 	-0.430384 	-0.0677134 	0 	0 	0 	0 	0 	0 	0 	0 	0 	0 	-0.0311679 	-0.0311679 	0.445325 	0.445325 	-0.0132598 	-0.0132598 	-0.0780201 	-0.0780201 	-0.124337 	-0.124337 	0.31901 	0.31901 	0.065251 	0.065251 	0.0301303 	0.0301303 	0 	0 	0 	0 	0 	0 	0 	0 	
-0.131078 	0.160236 	0.303995 	0.110804 	-0.371761 	-0.146246 	-0.0910307 	-0.122409 	-0.126898 	-0.104445 	-0.0540182 	0.0540182 	0.100363 	-0.100363 	-0.301154 	0.301154 	-0.0215926 	0.0215926 	0.157989 	-0.157989 	-0.0301879 	0.0301879 	-0.454955 	0.454955 	0.110661 	-0.110661 	0.0236755 	-0.0522027 	-0.189471 	0.251159 	0.215409 	-0.0219319 	0.0908559 	0.289214 	0 	0 	0 	0 	0 	0 	0 	0 	0 	0 	-0.0607421 	-0.0607421 	0.0627269 	0.0627269 	-0.447619 	-0.447619 	-0.0816475 	-0.0816475 	0.0447238 	0.0447238 	0.065251 	0.065251 	0.338653 	0.338653 	0.0304617 	0.0304617 	0 	0 	0 	0 	0 	0 	0 	0 	
-0.131078 	0.160236 	0.303995 	0.110804 	-0.371761 	-0.146246 	-0.0910307 	-0.122409 	-0.126898 	-0.104445 	-0.0540182 	0.0540182 	0.100363 	-0.100363 	-0.301154 	0.301154 	-0.0215926 	0.0215926 	0.157989 	-0.157989 	-0.0301879 	0.0301879 	-0.454955 	0.454955 	0.110661 	-0.110661 	0.0236755 	-0.0522027 	-0.189471 	0.251159 	0.215409 	-0.0219319 	0.0908559 	0.289214 	0 	0 	0 	0 	0 	0 	0 	0 	0 	0 	-0.0607421 	-0.0607421 	0.0627269 	0.0627269 	-0.447619 	-0.447619 	-0.0816475 	-0.0816475 	0.0447238 	0.0447238 	0.065251 	0.065251 	0.338653 	0.338653 	0.0304617 	0.0304617 	0 	0 	0 	0 	0 	0 	0 	0 	
0.0725989 	-0.03407 	0.058125 	-0.0480023 	-0.069601 	0.0530257 	-0.121186 	-0.139777 	0.0393698 	0.0520494 	-0.0463803 	0.0463803 	0.0145483 	-0.0145483 	-0.048633 	0.048633 	0.0486458 	-0.0486458 	0.0578023 	-0.0578023 	-0.0298364 	0.0298364 	-0.0567106 	0.0567106 	-0.162065 	0.162065 	0.04118 	-0.00965409 	-0.170705 	-0.0282645 	0.109458 	-0.16255 	-0.057161 	0.0721174 	0 	0 	0 	0 	0 	0 	0 	0 	0 	0 	-0.0824458 	-0.0824458 	-0.0175002 	-0.0175002 	-0.050355 	-0.050355 	0.173074 	0.173074 	-0.0859317 	-0.0859317 	0.0301303 	0.0301303 	0.0304617 	0.0304617 	0.0639266 	0.0639266 	0 	0 	0 	0 	0 	0 	0 	0 	
0.0725989 	-0.03407 	0.058125 	-0.0480023 	-0.069601 	0.0530257 	-0.121186 	-0.139777 	0.0393698 	0.0520494 	-0.0463803 	0.0463803 	0.0145483 	-0.0145483 	-0.048633 	0.048633 	0.0486458 	-0.0486458 	0.0578023 	-0.0578023 	-0.0298364 	0.0298364 	-0.0567106 	0.0567106 	-0.162065 	0.162065 	0.04118 	-0.00965409 	-0.170705 	-0.0282645 	0.109458 	-0.16255 	-0.057161 	0.0721174 	0 	0 	0 	0 	0 	0 	0 	0 	0 	0 	-0.0824458 	-0.0824458 	-0.0175002 	-0.0175002 	-0.050355 	-0.050355 	0.173074 	0.173074 	-0.0859317 	-0.0859317 	0.0301303 	0.0301303 	0.0304617 	0.0304617 	0.0639266 	0.0639266 	0 	0 	0 	0 	0 	0 	0 	0 	
0 	0 	0 	0 	0 	0 	0 	0 	0 	0 	0 	0 	0 	0 	0 	0 	0 	0 	0 	0 	0 	0 	0 	0 	0 	0 	0 	0 	0 	0 	0 	0 	0 	0 	0 	0 	0 	0 	0 	0 	0 	0 	0 	0 	0 	0 	0 	0 	0 	0 	0 	0 	0 	0 	0 	0 	0 	0 	0 	0 	0 	0 	0 	0 	0 	0 	0 	0 	
0 	0 	0 	0 	0 	0 	0 	0 	0 	0 	0 	0 	0 	0 	0 	0 	0 	0 	0 	0 	0 	0 	0 	0 	0 	0 	0 	0 	0 	0 	0 	0 	0 	0 	0 	0 	0 	0 	0 	0 	0 	0 	0 	0 	0 	0 	0 	0 	0 	0 	0 	0 	0 	0 	0 	0 	0 	0 	0 	0 	0 	0 	0 	0 	0 	0 	0 	0 	
0 	0 	0 	0 	0 	0 	0 	0 	0 	0 	0 	0 	0 	0 	0 	0 	0 	0 	0 	0 	0 	0 	0 	0 	0 	0 	0 	0 	0 	0 	0 	0 	0 	0 	0 	0 	0 	0 	0 	0 	0 	0 	0 	0 	0 	0 	0 	0 	0 	0 	0 	0 	0 	0 	0 	0 	0 	0 	0 	0 	0 	0 	0 	0 	0 	0 	0 	0 	
0 	0 	0 	0 	0 	0 	0 	0 	0 	0 	0 	0 	0 	0 	0 	0 	0 	0 	0 	0 	0 	0 	0 	0 	0 	0 	0 	0 	0 	0 	0 	0 	0 	0 	0 	0 	0 	0 	0 	0 	0 	0 	0 	0 	0 	0 	0 	0 	0 	0 	0 	0 	0 	0 	0 	0 	0 	0 	0 	0 	0 	0 	0 	0 	0 	0 	0 	0 	
0 	0 	0 	0 	0 	0 	0 	0 	0 	0 	0 	0 	0 	0 	0 	0 	0 	0 	0 	0 	0 	0 	0 	0 	0 	0 	0 	0 	0 	0 	0 	0 	0 	0 	0 	0 	0 	0 	0 	0 	0 	0 	0 	0 	0 	0 	0 	0 	0 	0 	0 	0 	0 	0 	0 	0 	0 	0 	0 	0 	0 	0 	0 	0 	0 	0 	0 	0 	
0 	0 	0 	0 	0 	0 	0 	0 	0 	0 	0 	0 	0 	0 	0 	0 	0 	0 	0 	0 	0 	0 	0 	0 	0 	0 	0 	0 	0 	0 	0 	0 	0 	0 	0 	0 	0 	0 	0 	0 	0 	0 	0 	0 	0 	0 	0 	0 	0 	0 	0 	0 	0 	0 	0 	0 	0 	0 	0 	0 	0 	0 	0 	0 	0 	0 	0 	0 	
0 	0 	0 	0 	0 	0 	0 	0 	0 	0 	0 	0 	0 	0 	0 	0 	0 	0 	0 	0 	0 	0 	0 	0 	0 	0 	0 	0 	0 	0 	0 	0 	0 	0 	0 	0 	0 	0 	0 	0 	0 	0 	0 	0 	0 	0 	0 	0 	0 	0 	0 	0 	0 	0 	0 	0 	0 	0 	0 	0 	0 	0 	0 	0 	0 	0 	0 	0 	
0 	0 	0 	0 	0 	0 	0 	0 	0 	0 	0 	0 	0 	0 	0 	0 	0 	0 	0 	0 	0 	0 	0 	0 	0 	0 	0 	0 	0 	0 	0 	0 	0 	0 	0 	0 	0 	0 	0 	0 	0 	0 	0 	0 	0 	0 	0 	0 	0 	0 	0 	0 	0 	0 	0 	0 	0 	0 	0 	0 	0 	0 	0 	0 	0 	0 	0 	0 	
row = 4, column = 17
0.000282067,0.000295884,0.00028212,1.28122e-05,-3.98796e-06,1.27374e-05,2.16157e-07,-1.66843e-05,3.30409e-07,-0.0492318,0.00151515,-2.479e-06,-1.99953e-05,-0.000519827,8.19599e-06,-2.50374e-07,-5.51799e-07,
-6.39182e-06,4.51854e-05,-6.42739e-06,0.000205565,0.000285304,0.000205556,2.7425e-06,5.50601e-05,3.51641e-06,0.00151248,-0.0412988,-5.61499e-05,-0.000210448,1.2596e-05,-0.000524703,-4.56161e-06,-6.00614e-06,
1.04763e-07,-2.64538e-05,-1.05409e-07,2.74915e-05,-1.17144e-06,2.86472e-05,7.58707e-05,5.96927e-05,-1.53427e-06,-2.35436e-10,-3.66465e-05,-0.0114434,-7.57779e-05,-2.02106e-07,2.8823e-06,-0.00016001,3.62348e-06,
1.32996e-07,-1.31819e-06,2.72115e-08,1.71399e-06,3.91049e-06,7.92956e-06,1.82349e-07,5.10855e-06,0.000271247,-6.44119e-06,-7.02336e-05,-3.7823e-05,-0.059403,-2.11485e-07,-5.87393e-06,-2.3811e-07,-0.000411763,
row = 4, column = 17
7.51264e-07,-0.000203189,-2.75588e-05,0.00021844,1.56389e-07,0.000183857,-4.81633e-08,-0.000216389,8.58042e-07,-0.00037099,0.000223733,-3.47492e-05,0.000475825,-1.52288e-06,-3.67294e-07,-1.08635e-06,-2.13465e-06,
4.79631e-07,0.000648566,-0.000125194,-0.000667294,1.00407e-06,-0.000742167,6.34793e-07,0.000694133,8.20513e-07,0.000115799,0.000787108,-0.000528625,0.000650258,7.6886e-08,-2.53885e-06,9.20631e-07,-2.20596e-06,
1.4994e-07,-0.00035246,4.17408e-05,0.000354753,1.66165e-07,0.000380381,6.73064e-07,-0.000358443,3.1365e-07,-5.50259e-06,-0.000334765,5.03531e-05,-0.000330396,-4.09855e-07,4.79828e-07,-2.95334e-06,-9.53618e-07,
2.36876e-07,-4.00187e-05,-3.29505e-05,2.79402e-05,2.87058e-07,1.40731e-05,2.58655e-07,-1.87234e-05,-7.04871e-08,0.000165097,0.000204,-0.000168341,4.10974e-05,-1.23454e-06,-6.09823e-07,-5.58102e-07,3.4993e-07,
row = 4, column = 17
7.51264e-07,-0.000203189,-2.75588e-05,0.00021844,1.56389e-07,0.000183857,-4.81633e-08,-0.000216389,8.58042e-07,-0.00037099,0.000223733,-3.47492e-05,0.000475825,-1.52288e-06,-3.67294e-07,-1.08635e-06,-2.13465e-06,
4.79631e-07,0.000648566,-0.000125194,-0.000667294,1.00407e-06,-0.000742167,6.34793e-07,0.000694133,8.20513e-07,0.000115799,0.000787108,-0.000528625,0.000650258,7.6886e-08,-2.53885e-06,9.20631e-07,-2.20596e-06,
1.4994e-07,-0.00035246,4.17408e-05,0.000354753,1.66165e-07,0.000380381,6.73064e-07,-0.000358443,3.1365e-07,-5.50259e-06,-0.000334765,5.03531e-05,-0.000330396,-4.09855e-07,4.79828e-07,-2.95334e-06,-9.53618e-07,
2.36876e-07,-4.00187e-05,-3.29505e-05,2.79402e-05,2.87058e-07,1.40731e-05,2.58655e-07,-1.87234e-05,-7.04871e-08,0.000165097,0.000204,-0.000168341,4.10974e-05,-1.23454e-06,-6.09823e-07,-5.58102e-07,3.4993e-07,
row = 2, column = 2
0 	1 	
0 	-1 	
row = 2, column = 1
0 	
1 	
row = 2, column = 2
1 	0 	
0 	0 	
row = 1, column = 1
1 	
row = 4, column = 4
0 	1 	0 	0 	
0 	-1 	0 	-1 	
-1 	-0 	-0 	-0 	
-0 	-0 	-1 	1 	
row = 4, column = 4
0.866025 	-0.5 	0 	0 	
0.866025 	0.5 	0 	0 	
-0.866025 	-0.5 	0 	0 	
-0.866025 	0.5 	0 	0 	
row = 4, column = 8
0.333777 	-0.333777 	-0.479063 	0.479063 	-0.192706 	-0.192706 	-0.276587 	-0.276587 	
0.192706 	-0.192706 	0.276587 	-0.276587 	-0.333777 	-0.333777 	0.479063 	0.479063 	
-0.385413 	0.385413 	-0.553175 	0.553175 	-0 	-0 	-4.19508e-16 	4.19508e-16 	
-0.192706 	0.192706 	-0.276587 	0.276587 	0.71919 	0.71919 	0.0741113 	0.0741113 	
row = 2, column = 2
-0.479063 	0.479063 	
0.276587 	-0.276587 	
row = 2, column = 2
-0.553175 	0.553175 	
-0.276587 	0.276587 	
row = 2, column = 2
0.530012 	-0.306002 	
0.265006 	-0.153001 	
row = 1, column = 2
-0.265006 	0.153001 	
row = 2, column = 2
0 	1 	
0 	-1 	
row = 2, column = 1
0 	
1 	
row = 2, column = 2
1 	0 	
0 	0 	
row = 1, column = 1
1 	
row = 4, column = 4
0 	1 	0 	0 	
0 	-1 	0 	-1 	
-1 	-0 	-0 	-0 	
-0 	-0 	-1 	1 	
row = 4, column = 4
0.866025 	-0.5 	0 	0 	
0.866025 	0.5 	0 	0 	
-0.866025 	-0.5 	0 	0 	
-0.866025 	0.5 	0 	0 	
row = 4, column = 8
0.333777 	-0.333777 	-0.479063 	0.479063 	-0.192706 	-0.192706 	-0.276587 	-0.276587 	
0.192706 	-0.192706 	0.276587 	-0.276587 	-0.333777 	-0.333777 	0.479063 	0.479063 	
-0.385413 	0.385413 	-0.553175 	0.553175 	-0 	-0 	-4.19508e-16 	4.19508e-16 	
-0.192706 	0.192706 	-0.276587 	0.276587 	0.71919 	0.71919 	0.0741113 	0.0741113 	
row = 2, column = 2
-0.479063 	0.479063 	
0.276587 	-0.276587 	
row = 2, column = 2
-0.553175 	0.553175 	
-0.276587 	0.276587 	
row = 2, column = 2
-0.192706 	-0.192706 	
-0.333777 	-0.333777 	
row = 2, column = 2
-0 	-0 	
0.71919 	0.71919 	
row = 2, column = 2
0.530012 	-0.306002 	
0.265006 	-0.153001 	
row = 2, column = 2
0 	0 	
-0.277185 	-0.480099 	
row = 2, column = 2
2.51399e-18 	6.65429e-18 	
6.77626e-19 	-5.97666e-18 	
row = 2, column = 2
0 	0 	
1.27394e-17 	1.36338e-17 	
row = 2, column = 2
-3 	2 	
1 	1 	
row = 2, column = 1
0 	
1 	
row = 2, column = 2
1 	-1 	
-1 	1 	
row = 1, column = 1
3 	
row = 4, column = 4
-3 	2 	0 	0 	
1 	1 	0 	-0.333333 	
-1 	1 	3 	-1 	
1 	-1 	-2 	-1 	
row = 4, column = 4
-3.50263 	0 	0 	0 	
1.43698 	0 	0 	0 	
3.50263 	0 	0 	0 	
-1.43698 	0 	0 	0 	
row = 4, column = 8
-0.899362 	0.393754 	-0.0192945 	0.110709 	0 	0 	0 	0 	
0.226023 	0.87354 	-0.0627327 	0.0865199 	0 	0 	0 	0 	
-0.118472 	-0.283871 	-0.908314 	0.222867 	0 	0 	0 	0 	
0.355002 	0.0360918 	0.413107 	0.96467 	0 	0 	0 	0 	
row = 2, column = 2
-0.899362 	0.110709 	
0.226023 	0.0865199 	
row = 2, column = 2
-0.118472 	0.222867 	
0.355002 	0.96467 	
row = 2, column = 2
-0.0192945 	0 	
-0.0627327 	0 	
row = 2, column = 2
-0.908314 	0 	
0.413107 	0 	
row = 2, column = 2
0.131223 	-0.00749496 	
-0.212478 	0.163702 	
row = 2, column = 2
0.0175255 	0.056981 	
-0.00797072 	-0.0259153 	
row = 2, column = 2
0.00228587 	0.0074321 	
-0.00684962 	-0.0222703 	
row = 2, column = 2
0.816903 	-0.2053 	
-0.371532 	0.0933714 	



row = 2, column = 2
-3 	2 	
1 	1 	
row = 2, column = 1
0 	
1 	
row = 2, column = 2
1 	-1 	
-1 	1 	
row = 1, column = 1
3 	
row = 4, column = 4
-3 	2 	0 	0 	
1 	1 	0 	-0.333333 	
-1 	1 	3 	-1 	
1 	-1 	-2 	-1 	
row = 4, column = 4
-3.50263 	0 	0 	0 	
1.43698 	0 	0 	0 	
3.50263 	0 	0 	0 	
-1.43698 	0 	0 	0 	
row = 4, column = 8
-0.899362 	0.393754 	-0.0192945 	0.110709 	0 	0 	0 	0 	
0.226023 	0.87354 	-0.0627327 	0.0865199 	0 	0 	0 	0 	
-0.118472 	-0.283871 	-0.908314 	0.222867 	0 	0 	0 	0 	
0.355002 	0.0360918 	0.413107 	0.96467 	0 	0 	0 	0 	
row = 2, column = 2
-0.899362 	0.110709 	
0.226023 	0.0865199 	
row = 2, column = 2
-0.118472 	0.222867 	
0.355002 	0.96467 	
row = 2, column = 2
-0.0192945 	0 	
-0.0627327 	0 	
row = 2, column = 2
-0.908314 	0 	
0.413107 	0 	
row = 2, column = 2
0.131223 	-0.00749496 	
-0.212478 	0.163702 	
row = 2, column = 2
0.0175255 	0.056981 	
-0.00797072 	-0.0259153 	
row = 2, column = 2
0.00228587 	0.0074321 	
-0.00684962 	-0.0222703 	
row = 2, column = 2
0.816903 	-0.2053 	
-0.371532 	0.0933714 	
row = 2, column = 2
-3 	2 	
1 	1 	
row = 2, column = 1
0 	
1 	
row = 2, column = 2
1 	-1 	
-1 	1 	
row = 1, column = 1
3 	
row = 4, column = 4
-3 	2 	0 	0 	
1 	1 	0 	-0.333333 	
-1 	1 	3 	-1 	
1 	-1 	-2 	-1 	
row = 4, column = 4
-3.50263 	0 	0 	0 	
1.43698 	0 	0 	0 	
3.50263 	0 	0 	0 	
-1.43698 	0 	0 	0 	
row = 4, column = 8
-0.899362 	0.393754 	-0.0192945 	0.110709 	0 	0 	0 	0 	
0.226023 	0.87354 	-0.0627327 	0.0865199 	0 	0 	0 	0 	
-0.118472 	-0.283871 	-0.908314 	0.222867 	0 	0 	0 	0 	
0.355002 	0.0360918 	0.413107 	0.96467 	0 	0 	0 	0 	
row = 2, column = 2
-0.899362 	0.110709 	
0.226023 	0.0865199 	
row = 2, column = 2
-0.118472 	0.222867 	
0.355002 	0.96467 	
row = 2, column = 2
0 	0 	
0 	0 	
row = 2, column = 2
0 	0 	
0 	0 	
row = 2, column = 2
0.131223 	-0.00749496 	
-0.212478 	0.163702 	
row = 2, column = 2
0 	0 	
0 	0 	
row = 2, column = 2
0 	0 	
0 	0 	
row = 2, column = 2
0 	0 	
0 	0 	
row = 4, column = 4
0.866025 	-0.5 	0 	0 	
0.866025 	0.5 	0 	0 	
-0.866025 	-0.5 	0 	0 	
-0.866025 	0.5 	0 	0 	
row = 4, column = 8
0.333777 	-0.333777 	-0.479063 	0.479063 	-0.192706 	-0.192706 	-0.276587 	-0.276587 	
0.192706 	-0.192706 	0.276587 	-0.276587 	-0.333777 	-0.333777 	0.479063 	0.479063 	
-0.385413 	0.385413 	-0.553175 	0.553175 	-0 	-0 	-4.19508e-16 	4.19508e-16 	
-0.192706 	0.192706 	-0.276587 	0.276587 	0.71919 	0.71919 	0.0741113 	0.0741113 	
row = 8, column = 8
0.334222 	-0.334222 	0.159901 	-0.159901 	-0.267235 	-0.267235 	-0.0142817 	-0.0142817 	
-0.334222 	0.334222 	-0.159901 	0.159901 	0.267235 	0.267235 	0.0142817 	0.0142817 	
0.159901 	-0.159901 	0.688505 	-0.688505 	-0.198919 	-0.198919 	0.244508 	0.244508 	
-0.159901 	0.159901 	-0.688505 	0.688505 	0.198919 	0.198919 	-0.244508 	-0.244508 	
-0.267235 	0.267235 	-0.198919 	0.198919 	0.665778 	0.665778 	-0.0533001 	-0.0533001 	
-0.267235 	0.267235 	-0.198919 	0.198919 	0.665778 	0.665778 	-0.0533001 	-0.0533001 	
-0.0142817 	0.0142817 	0.244508 	-0.244508 	-0.0533001 	-0.0533001 	0.311495 	0.311495 	
-0.0142817 	0.0142817 	0.244508 	-0.244508 	-0.0533001 	-0.0533001 	0.311495 	0.311495 	
row = 8, column = 8
-17.0808 	0 	0 	0 	0 	0 	0 	0 	
17.0808 	0 	0 	0 	0 	0 	0 	0 	
-2.4059 	-2.02605 	0 	0 	0 	0 	0 	0 	
-2.4059 	2.02605 	0 	0 	0 	0 	0 	0 	
2.4059 	-2.02605 	0 	0 	0 	0 	0 	0 	
2.4059 	2.02605 	0 	0 	0 	0 	0 	0 	
-2.6361 	0 	0 	0 	0 	0 	0 	0 	
2.6361 	0 	0 	0 	0 	0 	0 	0 	
row = 8, column = 16
-0.0199418 	-0.019939 	-0.0988249 	0.0988249 	0.0990899 	-0.0990899 	-0.154545 	-0.15476 	0 	0 	0.119118 	0.119118 	0.118692 	0.118692 	0 	0 	
-0.054425 	-0.0544172 	0.0928084 	-0.0928084 	-0.0923344 	0.0923344 	0.152974 	0.153186 	0 	0 	0.123246 	0.123246 	0.123405 	0.123405 	0 	0 	
0.340624 	-0.340575 	0.479101 	-0.479101 	0.478876 	-0.478876 	0.407396 	-0.407963 	0 	0 	-0.08636 	-0.08636 	0.0847986 	0.0847986 	0 	0 	
0.929625 	-0.929491 	0.0264155 	-0.0264155 	0.0278781 	-0.0278781 	-0.403254 	0.403815 	0 	0 	-0.484552 	-0.484552 	0.483975 	0.483975 	0 	0 	
-0.011675 	0.0116733 	0.00361421 	-0.00361421 	0.0020978 	-0.0020978 	-0.586265 	0.58708 	0 	0 	0.492063 	0.492063 	-0.49157 	-0.49157 	0 	0 	
0.110735 	-0.111359 	-0.200056 	0.200056 	-0.202146 	0.202146 	0.522833 	-0.521759 	0 	0 	0.393456 	0.393456 	-0.390986 	-0.390986 	0 	0 	
0.0174519 	0.0211016 	0.197236 	-0.197236 	-0.203704 	0.203704 	-0.0707921 	-0.0646953 	0 	0 	1.66382e-15 	1.66382e-15 	-0 	-0 	0 	0 	
0.060908 	0.0609367 	-0.0608828 	0.0608828 	0.0614228 	-0.0614228 	0.045362 	0.0447419 	0 	0 	0.0134066 	0.0134066 	0.0130752 	0.0130752 	0 	0 	
row = 4, column = 4
-0.0199418 	-0.0988249 	0.0988249 	-0.154545 	
-0.054425 	0.0928084 	-0.0928084 	0.152974 	
0.340624 	0.479101 	-0.479101 	0.407396 	
0.929625 	0.0264155 	-0.0264155 	-0.403254 	
row = 4, column = 4
-0.011675 	0.00361421 	-0.00361421 	-0.586265 	
0.110735 	-0.200056 	0.200056 	0.522833 	
0.0174519 	0.197236 	-0.197236 	-0.0707921 	
0.060908 	-0.0608828 	0.0608828 	0.045362 	
row = 4, column = 4
0 	0.119118 	0.119118 	0 	
0 	0.123246 	0.123246 	0 	
0 	-0.08636 	-0.08636 	0 	
0 	-0.484552 	-0.484552 	0 	
row = 4, column = 4
0 	0.492063 	0.492063 	0 	
0 	0.393456 	0.393456 	0 	
0 	1.66382e-15 	1.66382e-15 	0 	
0 	0.0134066 	0.0134066 	0 	
row = 8, column = 8
-0.0199418 	-0.0988249 	0.0988249 	-0.154545 	-0 	-0.119118 	-0.119118 	-0 	
-0.054425 	0.0928084 	-0.0928084 	0.152974 	-0 	-0.123246 	-0.123246 	-0 	
0.340624 	0.479101 	-0.479101 	0.407396 	-0 	0.08636 	0.08636 	-0 	
0.929625 	0.0264155 	-0.0264155 	-0.403254 	-0 	0.484552 	0.484552 	-0 	
0 	0.119118 	0.119118 	0 	-0.0199418 	-0.0988249 	0.0988249 	-0.154545 	
0 	0.123246 	0.123246 	0 	-0.054425 	0.0928084 	-0.0928084 	0.152974 	
0 	-0.08636 	-0.08636 	0 	0.340624 	0.479101 	-0.479101 	0.407396 	
0 	-0.484552 	-0.484552 	0 	0.929625 	0.0264155 	-0.0264155 	-0.403254 	
row = 8, column = 4
1 	0 	0 	0 	
0 	1 	0 	0 	
0 	0 	1 	0 	
0 	0 	0 	1 	
0 	0 	0 	0 	
0 	0 	0 	0 	
0 	0 	0 	0 	
0 	0 	0 	0 	
row = 8, column = 8
-17.0808 	0 	0 	0 	0 	0 	0 	0 	
17.0808 	0 	0 	0 	0 	0 	0 	0 	
-2.4059 	-2.02605 	0 	0 	0 	0 	0 	0 	
-2.4059 	2.02605 	0 	0 	0 	0 	0 	0 	
2.4059 	-2.02605 	0 	0 	0 	0 	0 	0 	
2.4059 	2.02605 	0 	0 	0 	0 	0 	0 	
-2.6361 	0 	0 	0 	0 	0 	0 	0 	
2.6361 	0 	0 	0 	0 	0 	0 	0 	
row = 8, column = 16
-0.0199418 	-0.019939 	-0.0988249 	0.0988249 	0.0990899 	-0.0990899 	-0.154545 	-0.15476 	0 	0 	0.119118 	0.119118 	0.118692 	0.118692 	0 	0 	
-0.054425 	-0.0544172 	0.0928084 	-0.0928084 	-0.0923344 	0.0923344 	0.152974 	0.153186 	0 	0 	0.123246 	0.123246 	0.123405 	0.123405 	0 	0 	
0.340624 	-0.340575 	0.479101 	-0.479101 	0.478876 	-0.478876 	0.407396 	-0.407963 	0 	0 	-0.08636 	-0.08636 	0.0847986 	0.0847986 	0 	0 	
0.929625 	-0.929491 	0.0264155 	-0.0264155 	0.0278781 	-0.0278781 	-0.403254 	0.403815 	0 	0 	-0.484552 	-0.484552 	0.483975 	0.483975 	0 	0 	
-0.011675 	0.0116733 	0.00361421 	-0.00361421 	0.0020978 	-0.0020978 	-0.586265 	0.58708 	0 	0 	0.492063 	0.492063 	-0.49157 	-0.49157 	0 	0 	
0.110735 	-0.111359 	-0.200056 	0.200056 	-0.202146 	0.202146 	0.522833 	-0.521759 	0 	0 	0.393456 	0.393456 	-0.390986 	-0.390986 	0 	0 	
0.0174519 	0.0211016 	0.197236 	-0.197236 	-0.203704 	0.203704 	-0.0707921 	-0.0646953 	0 	0 	1.66382e-15 	1.66382e-15 	-0 	-0 	0 	0 	
0.060908 	0.0609367 	-0.0608828 	0.0608828 	0.0614228 	-0.0614228 	0.045362 	0.0447419 	0 	0 	0.0134066 	0.0134066 	0.0130752 	0.0130752 	0 	0 	
row = 4, column = 4
-0.0199418 	-0.0988249 	0.0988249 	-0.154545 	
-0.054425 	0.0928084 	-0.0928084 	0.152974 	
0.340624 	0.479101 	-0.479101 	0.407396 	
0.929625 	0.0264155 	-0.0264155 	-0.403254 	
row = 4, column = 4
-0.011675 	0.00361421 	-0.00361421 	-0.586265 	
0.110735 	-0.200056 	0.200056 	0.522833 	
0.0174519 	0.197236 	-0.197236 	-0.0707921 	
0.060908 	-0.0608828 	0.0608828 	0.045362 	
row = 4, column = 4
0 	0.119118 	0.119118 	0 	
0 	0.123246 	0.123246 	0 	
0 	-0.08636 	-0.08636 	0 	
0 	-0.484552 	-0.484552 	0 	
row = 4, column = 4
0 	0.492063 	0.492063 	0 	
0 	0.393456 	0.393456 	0 	
0 	1.66382e-15 	1.66382e-15 	0 	
0 	0.0134066 	0.0134066 	0 	
row = 8, column = 4
-4.50018 	14.3948 	-3.8959 	3.24941 	
7.41778 	-13.6537 	5.36225 	-2.60502 	
-7.41778 	13.6537 	-5.36225 	2.60502 	
-13.042 	21.7754 	-7.10684 	3.59909 	
3.29313e-16 	6.59492e-16 	-2.26802e-16 	1.15661e-16 	
-1.51446 	-4.00313 	0.487636 	-0.445526 	
-1.51446 	-4.00313 	0.487636 	-0.445526 	
7.37309e-16 	1.064e-15 	-2.85374e-16 	1.43994e-16 	
row = 8, column = 8
-17.0808 	0 	0 	0 	0 	0 	0 	0 	
17.0808 	0 	0 	0 	0 	0 	0 	0 	
-2.4059 	-2.02605 	0 	0 	0 	0 	0 	0 	
-2.4059 	2.02605 	0 	0 	0 	0 	0 	0 	
2.4059 	-2.02605 	0 	0 	0 	0 	0 	0 	
2.4059 	2.02605 	0 	0 	0 	0 	0 	0 	
-2.6361 	0 	0 	0 	0 	0 	0 	0 	
2.6361 	0 	0 	0 	0 	0 	0 	0 	
row = 8, column = 16
-0.0199418 	-0.019939 	-0.0988249 	0.0988249 	0.0990899 	-0.0990899 	-0.154545 	-0.15476 	0 	0 	0.119118 	0.119118 	0.118692 	0.118692 	0 	0 	
-0.054425 	-0.0544172 	0.0928084 	-0.0928084 	-0.0923344 	0.0923344 	0.152974 	0.153186 	0 	0 	0.123246 	0.123246 	0.123405 	0.123405 	0 	0 	
0.340624 	-0.340575 	0.479101 	-0.479101 	0.478876 	-0.478876 	0.407396 	-0.407963 	0 	0 	-0.08636 	-0.08636 	0.0847986 	0.0847986 	0 	0 	
0.929625 	-0.929491 	0.0264155 	-0.0264155 	0.0278781 	-0.0278781 	-0.403254 	0.403815 	0 	0 	-0.484552 	-0.484552 	0.483975 	0.483975 	0 	0 	
-0.011675 	0.0116733 	0.00361421 	-0.00361421 	0.0020978 	-0.0020978 	-0.586265 	0.58708 	0 	0 	0.492063 	0.492063 	-0.49157 	-0.49157 	0 	0 	
0.110735 	-0.111359 	-0.200056 	0.200056 	-0.202146 	0.202146 	0.522833 	-0.521759 	0 	0 	0.393456 	0.393456 	-0.390986 	-0.390986 	0 	0 	
0.0174519 	0.0211016 	0.197236 	-0.197236 	-0.203704 	0.203704 	-0.0707921 	-0.0646953 	0 	0 	1.66382e-15 	1.66382e-15 	-0 	-0 	0 	0 	
0.060908 	0.0609367 	-0.0608828 	0.0608828 	0.0614228 	-0.0614228 	0.045362 	0.0447419 	0 	0 	0.0134066 	0.0134066 	0.0130752 	0.0130752 	0 	0 	
row = 4, column = 4
-0.0199418 	-0.0988249 	0.0988249 	-0.154545 	
-0.054425 	0.0928084 	-0.0928084 	0.152974 	
0.340624 	0.479101 	-0.479101 	0.407396 	
0.929625 	0.0264155 	-0.0264155 	-0.403254 	
row = 4, column = 4
-0.011675 	0.00361421 	-0.00361421 	-0.586265 	
0.110735 	-0.200056 	0.200056 	0.522833 	
0.0174519 	0.197236 	-0.197236 	-0.0707921 	
0.060908 	-0.0608828 	0.0608828 	0.045362 	
row = 4, column = 4
0 	0.119118 	0.119118 	0 	
0 	0.123246 	0.123246 	0 	
0 	-0.08636 	-0.08636 	0 	
0 	-0.484552 	-0.484552 	0 	
row = 4, column = 4
0 	0.492063 	0.492063 	0 	
0 	0.393456 	0.393456 	0 	
0 	1.66382e-15 	1.66382e-15 	0 	
0 	0.0134066 	0.0134066 	0 	
row = 4, column = 4
1 	7.77156e-16 	-2.63678e-16 	9.71445e-17 	
0 	1 	-4.16334e-17 	-5.55112e-17 	
9.99201e-16 	-1.22125e-15 	1 	-1.38778e-16 	
-8.88178e-16 	8.88178e-16 	-9.99201e-16 	1 	
row = 4, column = 4
-7.94428e-17 	-1.72757e-16 	3.84485e-17 	-3.62296e-17 	
6.36067e-17 	1.30671e-16 	-1.63803e-17 	-7.27456e-19 	
1.81603e-16 	3.60284e-16 	-4.00818e-17 	4.12475e-17 	
-3.2086e-17 	2.75956e-16 	-2.95594e-16 	-2.03679e-17 	
row = 17, column = 17
1 	1.38778e-17 	2.1684e-19 	0 	5.55112e-17 	1.38778e-17 	0 	1.04083e-17 	-4.33681e-18 	-8.67362e-19 	5.42101e-19 	2.71051e-20 	-1.73642e-20 	-1.38778e-16 	2.77556e-17 	-2.77556e-17 	1.73472e-18 	
8.88178e-16 	1 	3.72966e-17 	1.80411e-16 	-7.21645e-16 	-2.498e-16 	1.11022e-16 	3.85109e-16 	-9.22873e-16 	-2.60209e-17 	-1.95156e-18 	4.1918e-17 	-2.19043e-18 	-9.4369e-16 	1.38778e-16 	-4.05925e-16 	1.4138e-16 	
4.66294e-15 	-3.60822e-16 	1 	-2.63678e-16 	-2.88658e-15 	-6.55725e-16 	7.03604e-15 	-3.98986e-16 	-4.21971e-16 	-5.9848e-17 	-1.25767e-17 	6.31277e-17 	-9.90012e-18 	-1.94289e-16 	8.32667e-17 	7.04298e-16 	-2.82977e-17 	
-2.33147e-15 	4.85723e-16 	9.82829e-17 	1 	1.9984e-15 	3.46945e-16 	-2.10942e-15 	9.71445e-17 	-3.26372e-16 	2.35272e-17 	4.33681e-18 	-3.59887e-17 	8.87691e-19 	2.39392e-16 	-1.66533e-16 	3.53884e-16 	-9.32414e-18 	
4.02456e-16 	0 	-3.25261e-18 	4.16334e-17 	1 	1.38778e-17 	2.35922e-16 	2.77556e-17 	-2.34188e-17 	1.13841e-18 	-1.73472e-18 	1.70762e-18 	1.35525e-20 	1.73472e-17 	2.77556e-17 	-1.38778e-17 	8.67362e-19 	
-1.91513e-15 	5.55112e-17 	-9.81203e-18 	-2.77556e-17 	2.22045e-15 	1 	1.58207e-15 	1.94289e-16 	-2.83736e-15 	-1.72659e-17 	1.47451e-17 	1.05032e-17 	-3.21873e-18 	6.245e-17 	-6.10623e-16 	-1.9082e-16 	5.202e-16 	
-8.67362e-18 	-4.46691e-17 	9.48677e-19 	6.93889e-17 	2.42861e-17 	-1.21431e-17 	1 	-4.16334e-17 	-2.25514e-17 	-1.0842e-19 	1.0842e-19 	2.60209e-18 	2.77827e-19 	-2.9924e-17 	1.38778e-17 	-1.38778e-16 	2.64545e-17 	
2.55004e-16 	-1.30104e-16 	-1.69661e-16 	5.55112e-17 	-6.52256e-16 	-2.42428e-16 	1.9984e-15 	1 	-6.93889e-17 	-1.26106e-17 	-5.04154e-18 	6.07153e-18 	-3.00866e-18 	-1.5027e-16 	-5.81132e-17 	3.05311e-16 	1.9082e-17 	
8.67362e-19 	-2.1684e-19 	1.21973e-19 	2.1684e-19 	1.73472e-18 	1.38778e-17 	-6.93889e-18 	4.16334e-17 	1 	3.04932e-20 	-3.79471e-19 	1.6263e-19 	3.46945e-18 	-1.0842e-18 	-3.46945e-18 	3.46945e-18 	1.11022e-16 	
6.39488e-14 	4.44089e-16 	-4.85723e-16 	-3.10862e-15 	1.59872e-14 	2.22045e-15 	-3.55271e-15 	-2.22045e-16 	1.22125e-15 	1 	-2.77556e-17 	6.93889e-18 	4.33681e-19 	2.22045e-15 	-2.88658e-15 	3.10862e-15 	-5.55112e-16 	
5.15143e-14 	1.06581e-14 	-2.08947e-15 	4.44089e-15 	-4.9738e-14 	2.22045e-15 	-6.21725e-15 	-1.02141e-14 	7.88258e-14 	1.11022e-15 	1 	-3.22659e-16 	3.19189e-16 	3.55271e-14 	6.21725e-15 	1.11022e-14 	2.30371e-15 	
1.57652e-14 	8.21565e-15 	-2.498e-16 	-8.66321e-15 	-1.06581e-14 	2.88658e-15 	-9.23706e-14 	8.82627e-15 	3.60822e-15 	-1.22949e-16 	1.94289e-16 	1 	-6.33174e-17 	7.77156e-15 	3.9968e-15 	3.86358e-14 	-9.2322e-15 	
-2.53131e-14 	5.9952e-15 	2.16537e-15 	4.44089e-16 	8.88178e-15 	4.44089e-15 	-2.4869e-14 	-1.15463e-14 	-7.10543e-14 	5.22802e-16 	1.11022e-16 	-2.77556e-16 	1 	5.71765e-15 	4.44089e-16 	-7.99361e-15 	-5.50671e-14 	
-8.88178e-16 	0 	1.12757e-17 	1.11022e-16 	2.77556e-16 	-7.71952e-17 	-5.11743e-17 	-6.46184e-17 	-1.47451e-17 	-3.46945e-18 	3.90313e-18 	-1.19262e-18 	7.45389e-20 	1 	1.66533e-16 	-6.93889e-18 	1.73472e-18 	
1.66533e-16 	-5.55112e-17 	3.68629e-18 	0 	-8.88178e-16 	1.11022e-16 	2.77556e-17 	-5.55112e-17 	2.77556e-17 	-6.28837e-18 	3.46945e-18 	1.51788e-18 	-1.84653e-19 	-3.05311e-16 	1 	-9.71445e-17 	8.67362e-18 	
-2.08167e-17 	1.73472e-17 	3.74389e-19 	0 	-1.38778e-16 	-3.46945e-18 	8.88178e-16 	0 	-3.33934e-17 	4.67562e-19 	4.47233e-19 	3.46945e-18 	-2.43945e-19 	-6.93889e-18 	-1.04083e-17 	1 	8.67362e-18 	
6.93889e-18 	1.73472e-18 	6.64074e-19 	6.93889e-18 	4.16334e-17 	8.32667e-17 	-6.93889e-18 	0 	-4.44089e-16 	7.11508e-20 	0 	2.1684e-19 	3.46945e-18 	0 	7.80626e-18 	-3.46945e-18 	1 	
row = 17, column = 17
-5.00739e-17 	-1.82971e-18 	-1.46128e-19 	-2.05367e-18 	7.6588e-18 	8.8131e-19 	-4.6946e-17 	-2.79896e-18 	-3.0824e-19 	-2.67437e-19 	-1.30363e-19 	-3.54276e-20 	1.65685e-21 	-4.00837e-18 	3.70167e-18 	-1.54323e-18 	-5.00516e-21 	
3.87207e-17 	5.95231e-18 	1.92057e-20 	-5.9853e-19 	4.553e-17 	-1.01925e-18 	-3.44983e-17 	-3.29267e-18 	7.38749e-20 	3.24629e-19 	-1.63063e-19 	-8.14312e-20 	-3.68333e-22 	3.09467e-18 	-9.71554e-18 	5.56798e-18 	1.66856e-19 	
8.41541e-17 	-3.6239e-19 	-4.86933e-20 	3.98639e-18 	-1.92681e-17 	-3.35691e-18 	-1.7416e-17 	-6.26755e-18 	6.88424e-19 	2.12581e-19 	-4.08894e-19 	-3.55181e-20 	2.84556e-22 	8.94557e-18 	-1.23701e-17 	3.60023e-18 	4.75949e-19 	
4.35653e-17 	-1.09578e-17 	8.1523e-20 	-5.59579e-18 	-1.10733e-17 	-7.09799e-18 	4.50766e-17 	-6.95883e-18 	6.34239e-18 	-6.03678e-19 	-3.41217e-19 	6.08616e-21 	1.00944e-20 	2.70802e-18 	-1.86359e-17 	1.02699e-17 	1.79585e-18 	
8.90264e-17 	1.00287e-18 	2.97701e-20 	1.87732e-18 	7.60509e-17 	-3.26903e-18 	-4.25318e-17 	-7.37554e-18 	5.41539e-19 	-5.30068e-20 	1.4312e-19 	-2.27244e-19 	4.58607e-21 	3.35889e-18 	-7.6954e-18 	-4.98145e-18 	-1.88242e-19 	
5.96215e-17 	-6.92868e-18 	5.21424e-20 	1.15964e-18 	3.75827e-17 	-3.09062e-18 	4.13957e-18 	-5.7539e-18 	1.29166e-17 	-3.41407e-19 	-1.35891e-19 	-8.51301e-20 	1.53143e-20 	4.0441e-18 	-8.86166e-18 	1.14954e-17 	2.4621e-18 	
7.98352e-19 	-1.70819e-18 	-3.1641e-20 	5.24334e-18 	-2.66842e-17 	-6.69695e-19 	-1.01147e-17 	-4.6469e-18 	-1.04454e-18 	8.39952e-21 	-4.61586e-20 	7.73004e-20 	-3.58225e-21 	-1.46985e-19 	-1.4334e-17 	-1.62376e-18 	1.06706e-18 	
-2.6206e-17 	-4.4358e-18 	2.69248e-21 	2.84009e-18 	-3.29743e-17 	-1.14627e-19 	-6.05601e-17 	-2.80666e-18 	7.11526e-18 	-4.58765e-20 	-5.01897e-20 	1.52116e-19 	2.16859e-21 	-2.45578e-19 	-1.36649e-17 	9.88197e-18 	1.81164e-18 	
-1.4563e-18 	2.24787e-19 	-5.10211e-20 	8.17661e-19 	6.04237e-18 	9.71708e-19 	-2.15182e-18 	-4.05524e-18 	2.29956e-17 	-6.09727e-21 	-3.7549e-21 	5.44833e-21 	-1.38794e-19 	9.60522e-20 	-4.7573e-19 	-4.96068e-18 	-1.76398e-17 	
-2.18843e-14 	-9.06146e-16 	4.8669e-19 	-3.85142e-16 	1.33558e-14 	1.33509e-15 	1.36159e-16 	1.02217e-15 	-2.23946e-16 	-1.25177e-16 	7.36919e-17 	-3.70713e-18 	-3.74678e-19 	-1.68262e-15 	3.45077e-15 	-7.72503e-16 	-9.35483e-17 	
1.34841e-14 	1.38224e-15 	1.74378e-17 	3.01175e-16 	5.51552e-15 	7.25614e-16 	-5.7959e-15 	-7.20872e-17 	-1.89902e-16 	6.50415e-17 	4.99666e-17 	-3.34148e-17 	2.77966e-19 	1.62183e-15 	1.47128e-15 	-6.95861e-16 	-1.02124e-16 	
-1.06769e-15 	-8.97328e-16 	7.23541e-18 	2.21826e-17 	-1.18193e-14 	-1.68256e-16 	-9.60136e-15 	-3.46652e-17 	6.14356e-16 	-1.5866e-17 	-2.44705e-17 	-2.39504e-17 	-2.18442e-18 	-1.99305e-16 	-4.6525e-16 	-1.26359e-15 	1.65585e-17 	
-6.13549e-16 	1.47233e-16 	-3.31217e-18 	-3.14175e-16 	2.83588e-16 	1.50992e-16 	1.15072e-15 	1.58214e-16 	1.32638e-15 	1.849e-18 	2.14622e-18 	2.56678e-19 	-5.3869e-18 	-4.98094e-17 	5.40938e-16 	-1.74479e-16 	-5.722e-16 	
-5.17116e-17 	6.1338e-18 	-2.40638e-20 	1.6237e-18 	-8.82405e-17 	-6.79765e-18 	3.16046e-18 	7.86624e-18 	-2.67264e-19 	4.28386e-19 	-3.07887e-19 	2.47806e-20 	-1.36967e-21 	-2.32255e-17 	1.35123e-18 	-1.39058e-17 	3.33346e-19 	
-1.12836e-16 	6.45499e-18 	-4.44347e-20 	4.24001e-18 	-6.30446e-17 	2.2605e-18 	1.09013e-17 	1.92797e-17 	1.12647e-18 	-4.25383e-20 	-5.81464e-19 	3.58069e-19 	-2.64714e-21 	2.5838e-17 	2.21856e-17 	-5.15997e-18 	2.60987e-18 	
5.16216e-17 	1.05897e-17 	4.32952e-20 	-1.71503e-17 	1.81567e-16 	-1.45882e-18 	1.81629e-16 	9.9028e-18 	7.18902e-18 	2.45757e-20 	8.16054e-20 	-3.21334e-19 	1.53985e-20 	4.16094e-18 	2.74962e-17 	-1.73299e-17 	2.29372e-18 	
-1.57171e-18 	-3.31643e-19 	5.12128e-20 	-1.49143e-22 	-1.85177e-17 	4.9692e-19 	3.69549e-18 	2.69587e-18 	-4.6955e-17 	-6.76916e-21 	3.07546e-20 	5.2281e-20 	2.54361e-19 	-2.18638e-19 	-2.36035e-18 	2.83177e-18 	4.18533e-18 	
row = 17, column = 17
46717.1 	3063.34 	63.6491 	3129.62 	-3576.89 	-431.674 	596.612 	-362.301 	33.6203 	261.671 	-3.87543 	1.24978 	-0.166153 	13639.2 	-955.675 	85.0471 	20.1837 	
3063.34 	478.63 	36.2272 	445.8 	2177.69 	192.754 	-277.87 	160.076 	-52.9716 	24.8054 	20.7347 	-0.265837 	-0.173621 	729.395 	635.961 	-63.4609 	-15.8415 	
63.6491 	36.2272 	10.4378 	27.6203 	160.917 	29.4786 	-35.0996 	20.8171 	12.6228 	1.49176 	3.04027 	-0.137359 	0.197357 	9.63178 	32.434 	-5.60632 	0.957092 	
3129.62 	445.8 	27.6203 	596.861 	1887.82 	146.887 	1853.66 	298.28 	-79.6934 	24.8746 	18.7466 	13.5231 	-0.487519 	739.279 	566.295 	484.979 	-20.5767 	
-3576.89 	2177.69 	160.917 	1887.82 	33528.1 	2503.14 	-3044.07 	2211.82 	-555.403 	-2.33346 	212.963 	2.03224 	-0.882225 	-754.844 	11744.8 	-702.962 	-181.713 	
-431.674 	192.754 	29.4786 	146.887 	2503.14 	311.397 	-386.708 	265.235 	931.44 	-1.14972 	22.0987 	-0.144346 	4.69831 	-81.8925 	715.758 	-81.3968 	280.819 	
596.612 	-277.87 	-35.0996 	1853.66 	-3044.07 	-386.708 	32387.5 	1745.77 	-420.79 	1.56422 	-10.7032 	156.356 	-3.10963 	103.01 	-804.559 	10572.4 	-95.204 	
-362.301 	160.076 	20.8171 	298.28 	2211.82 	265.235 	1745.77 	403.325 	904.76 	-1.04688 	20.0872 	13.655 	4.38426 	-71.4721 	645.806 	467.175 	276.103 	
33.6203 	-52.9716 	12.6228 	-79.6934 	-555.403 	931.44 	-420.79 	904.76 	18445.1 	0.106591 	3.22904 	4.82312 	66.1845 	2.93359 	-165.973 	-121.336 	7163.27 	
261.671 	24.8054 	1.49176 	24.8746 	-2.33346 	-1.14972 	1.56422 	-1.04688 	0.106591 	2.10298 	0.207496 	0.00698449 	-0.000616269 	59.5532 	-0.159683 	-0.111182 	0.0988896 	
-3.87543 	20.7347 	3.04027 	18.7466 	212.963 	22.0987 	-10.7032 	20.0872 	3.22904 	0.207496 	2.02198 	0.126482 	0.0330163 	0.155496 	59.528 	-1.60001 	0.681858 	
1.24978 	-0.265837 	-0.137359 	13.5231 	2.03224 	-0.144346 	156.356 	13.655 	4.82312 	0.00698449 	0.126482 	1.09559 	0.0201006 	0.0743909 	1.04881 	39.6607 	1.4848 	
-0.166153 	-0.173621 	0.197357 	-0.487519 	-0.882225 	4.69831 	-3.10963 	4.38426 	66.1845 	-0.000616269 	0.0330163 	0.0201006 	0.334551 	-0.0349742 	-0.246901 	-0.736015 	19.836 	
13639.2 	729.395 	9.63178 	739.279 	-754.844 	-81.8925 	103.01 	-71.4721 	2.93359 	59.5532 	0.155496 	0.0743909 	-0.0349742 	5570.32 	-210.185 	16.2747 	2.63695 	
-955.675 	635.961 	32.434 	566.295 	11744.8 	715.758 	-804.559 	645.806 	-165.973 	-0.159683 	59.528 	1.04881 	-0.246901 	-210.185 	5470.24 	-194.742 	-53.1624 	
85.0471 	-63.4609 	-5.60632 	484.979 	-702.962 	-81.3968 	10572.4 	467.175 	-121.336 	-0.111182 	-1.60001 	39.6607 	-0.736015 	16.2747 	-194.742 	4863.99 	-30.0352 	
20.1837 	-15.8415 	0.957092 	-20.5767 	-181.713 	280.819 	-95.204 	276.103 	7163.27 	0.0988896 	0.681858 	1.4848 	19.836 	2.63695 	-53.1624 	-30.0352 	3962.95 	
row = 4, column = 17
-138.946 	-13.1716 	-0.79212 	-13.2083 	1.23906 	0.610499 	-0.830597 	0.555888 	-0.0565997 	-1.11668 	-0.11018 	-0.00370874 	0.000327237 	-31.6226 	0.0847911 	0.0590375 	-0.0525101 	
2.05784 	-11.0101 	-1.61438 	-9.95437 	-113.083 	-11.7343 	5.68335 	-10.6663 	-1.71461 	-0.11018 	-1.07367 	-0.0671615 	-0.0175315 	-0.0825678 	-31.6092 	0.849598 	-0.362064 	
-0.995444 	0.211738 	0.109405 	-10.7711 	-1.61867 	0.114971 	-124.537 	-10.8761 	-3.84159 	-0.00556312 	-0.100742 	-0.87263 	-0.01601 	-0.059252 	-0.835369 	-31.5896 	-1.18263 	
0.26468 	0.276576 	-0.314387 	0.776613 	1.40538 	-7.48437 	4.95361 	-6.98409 	-105.431 	0.000981711 	-0.0525946 	-0.0320201 	-0.532937 	0.0557137 	0.393311 	1.17246 	-31.5985 	
row = 17, column = 17
-0.0905611 	0.0397 	0 	0.0396878 	0 	0 	0 	0 	0 	0.00284524 	0.000279066 	6.75923e-06 	8.93126e-07 	0 	0 	0 	0 	
0.0396878 	-0.13 	0.0397 	0 	0.0396878 	0 	0 	0 	0 	0.00307992 	0.000314138 	6.75923e-06 	2.55816e-06 	0 	0 	0 	0 	
0 	0.0397 	-0.0906 	0 	0 	0.0396878 	0 	0 	0 	0.00284524 	0.000279066 	3.4513e-06 	4.20107e-06 	0 	0 	0 	0 	
0.0396878 	0 	0 	-0.130249 	0.0396878 	0 	0.0396878 	0 	0 	0.000279066 	0.00284524 	0.000276507 	2.55816e-06 	0 	0 	0 	0 	
0 	0.0396878 	0 	0.0396878 	-0.169937 	0.0396878 	0 	0.0396878 	0 	0.000314138 	0.00307992 	0.000276507 	3.76301e-05 	0 	0 	0 	0 	
0 	0 	0.0396878 	0 	0.0396878 	-0.130249 	0 	0 	0.0396878 	0.000279066 	0.00284524 	4.01883e-05 	0.000238877 	0 	0 	0 	0 	
0 	0 	0 	0.0396878 	0 	0 	-0.0905611 	0.0396878 	0 	7.65236e-06 	0.000279066 	0.00284103 	4.20107e-06 	0 	0 	0 	0 	
0 	0 	0 	0 	0.0396878 	0 	0.0396878 	-0.130249 	0.0396878 	9.3174e-06 	0.000314138 	0.00284103 	0.000238877 	0 	0 	0 	0 	
0 	0 	0 	0 	0 	0.0396878 	0 	0.0396878 	-0.0905611 	7.65236e-06 	0.000279066 	0.000243078 	0.00260216 	0 	0 	0 	0 	
0.00543859 	0.00588717 	0.00543859 	0.000533426 	0.000600466 	0.000533426 	1.46273e-05 	1.78099e-05 	1.46273e-05 	-0.0958071 	0 	0 	0 	0 	0 	0 	0 	
0.000533426 	0.000600466 	0.000533426 	0.00543859 	0.00588717 	0.00543859 	0.000533426 	0.000600466 	0.000533426 	0 	-0.0958071 	0 	0 	0 	0 	0 	0 	
1.93801e-05 	1.93801e-05 	9.89559e-06 	0.000792802 	0.000792802 	0.000115228 	0.00814583 	0.00814583 	0.000696955 	0 	0 	-0.0958071 	0 	0 	0 	0 	0 	
5.12155e-06 	1.46696e-05 	2.40907e-05 	1.46696e-05 	0.000215787 	0.00136982 	2.40907e-05 	0.00136982 	0.0149218 	0 	0 	0 	-0.0958071 	0 	0 	0 	0 	
1 	0 	0 	0 	0 	0 	0 	0 	0 	0 	0 	0 	0 	0 	0 	0 	0 	
0 	0 	0 	0 	1 	0 	0 	0 	0 	0 	0 	0 	0 	0 	0 	0 	0 	
0 	0 	0 	0 	0 	0 	1 	0 	0 	0 	0 	0 	0 	0 	0 	0 	0 	
0 	0 	0 	0 	0 	0 	0 	0 	1 	0 	0 	0 	0 	0 	0 	0 	0 	
row = 17, column = 4
0 	0 	0 	0 	
0 	0 	0 	0 	
0 	0 	0 	0 	
0 	0 	0 	0 	
0 	0 	0 	0 	
0 	0 	0 	0 	
0 	0 	0 	0 	
0 	0 	0 	0 	
0 	0 	0 	0 	
0.530997 	0 	0 	0 	
0 	0.530997 	0 	0 	
0 	0 	0.796495 	0 	
0 	0 	0 	1.59299 	
0 	0 	0 	0 	
0 	0 	0 	0 	
0 	0 	0 	0 	
0 	0 	0 	0 	
row = 17, column = 17
0 	0 	0 	0 	0 	0 	0 	0 	0 	0 	0 	0 	0 	0 	0 	0 	0 	
0 	0 	0 	0 	0 	0 	0 	0 	0 	0 	0 	0 	0 	0 	0 	0 	0 	
0 	0 	0 	0 	0 	0 	0 	0 	0 	0 	0 	0 	0 	0 	0 	0 	0 	
0 	0 	0 	0 	0 	0 	0 	0 	0 	0 	0 	0 	0 	0 	0 	0 	0 	
0 	0 	0 	0 	0 	0 	0 	0 	0 	0 	0 	0 	0 	0 	0 	0 	0 	
0 	0 	0 	0 	0 	0 	0 	0 	0 	0 	0 	0 	0 	0 	0 	0 	0 	
0 	0 	0 	0 	0 	0 	0 	0 	0 	0 	0 	0 	0 	0 	0 	0 	0 	
0 	0 	0 	0 	0 	0 	0 	0 	0 	0 	0 	0 	0 	0 	0 	0 	0 	
0 	0 	0 	0 	0 	0 	0 	0 	0 	0 	0 	0 	0 	0 	0 	0 	0 	
0 	0 	0 	0 	0 	0 	0 	0 	0 	0 	0 	0 	0 	0 	0 	0 	0 	
0 	0 	0 	0 	0 	0 	0 	0 	0 	0 	0 	0 	0 	0 	0 	0 	0 	
0 	0 	0 	0 	0 	0 	0 	0 	0 	0 	0 	0 	0 	0 	0 	0 	0 	
0 	0 	0 	0 	0 	0 	0 	0 	0 	0 	0 	0 	0 	0 	0 	0 	0 	
0 	0 	0 	0 	0 	0 	0 	0 	0 	0 	0 	0 	0 	1000 	0 	0 	0 	
0 	0 	0 	0 	0 	0 	0 	0 	0 	0 	0 	0 	0 	0 	1000 	0 	0 	
0 	0 	0 	0 	0 	0 	0 	0 	0 	0 	0 	0 	0 	0 	0 	1000 	0 	
0 	0 	0 	0 	0 	0 	0 	0 	0 	0 	0 	0 	0 	0 	0 	0 	1000 	
row = 4, column = 4
1 	0 	0 	0 	
0 	1 	0 	0 	
0 	0 	1 	0 	
0 	0 	0 	1 	
row = 4, column = 17
-138.946,-13.1716,-0.79212,-13.2083,1.23906,0.610499,-0.830597,0.555888,-0.0565997,-1.11668,-0.11018,-0.00370874,0.000327237,-31.6226,0.0847911,0.0590375,-0.0525101,
2.05784,-11.0101,-1.61438,-9.95437,-113.083,-11.7343,5.68335,-10.6663,-1.71461,-0.11018,-1.07367,-0.0671615,-0.0175315,-0.0825678,-31.6092,0.849598,-0.362064,
-0.995444,0.211738,0.109405,-10.7711,-1.61867,0.114971,-124.537,-10.8761,-3.84159,-0.00556312,-0.100742,-0.87263,-0.01601,-0.059252,-0.835369,-31.5896,-1.18263,
0.26468,0.276576,-0.314387,0.776613,1.40538,-7.48437,4.95361,-6.98409,-105.431,0.000981711,-0.0525946,-0.0320201,-0.532937,0.0557137,0.393311,1.17246,-31.5985,
row = 17, column = 17
46717.1 	3063.34 	63.6491 	3129.62 	-3576.89 	-431.674 	596.612 	-362.301 	33.6203 	261.671 	-3.87543 	1.24978 	-0.166153 	13639.2 	-955.675 	85.0471 	20.1837 	
3063.34 	478.63 	36.2272 	445.8 	2177.69 	192.754 	-277.87 	160.076 	-52.9716 	24.8054 	20.7347 	-0.265837 	-0.173621 	729.395 	635.961 	-63.4609 	-15.8415 	
63.6491 	36.2272 	10.4378 	27.6203 	160.917 	29.4786 	-35.0996 	20.8171 	12.6228 	1.49176 	3.04027 	-0.137359 	0.197357 	9.63178 	32.434 	-5.60632 	0.957092 	
3129.62 	445.8 	27.6203 	596.861 	1887.82 	146.887 	1853.66 	298.28 	-79.6934 	24.8746 	18.7466 	13.5231 	-0.487519 	739.279 	566.295 	484.979 	-20.5767 	
-3576.89 	2177.69 	160.917 	1887.82 	33528.1 	2503.14 	-3044.07 	2211.82 	-555.403 	-2.33346 	212.963 	2.03224 	-0.882225 	-754.844 	11744.8 	-702.962 	-181.713 	
-431.674 	192.754 	29.4786 	146.887 	2503.14 	311.397 	-386.708 	265.235 	931.44 	-1.14972 	22.0987 	-0.144346 	4.69831 	-81.8925 	715.758 	-81.3968 	280.819 	
596.612 	-277.87 	-35.0996 	1853.66 	-3044.07 	-386.708 	32387.5 	1745.77 	-420.79 	1.56422 	-10.7032 	156.356 	-3.10963 	103.01 	-804.559 	10572.4 	-95.204 	
-362.301 	160.076 	20.8171 	298.28 	2211.82 	265.235 	1745.77 	403.325 	904.76 	-1.04688 	20.0872 	13.655 	4.38426 	-71.4721 	645.806 	467.175 	276.103 	
33.6203 	-52.9716 	12.6228 	-79.6934 	-555.403 	931.44 	-420.79 	904.76 	18445.1 	0.106591 	3.22904 	4.82312 	66.1845 	2.93359 	-165.973 	-121.336 	7163.27 	
261.671 	24.8054 	1.49176 	24.8746 	-2.33346 	-1.14972 	1.56422 	-1.04688 	0.106591 	2.10298 	0.207496 	0.00698449 	-0.000616269 	59.5532 	-0.159683 	-0.111182 	0.0988896 	
-3.87543 	20.7347 	3.04027 	18.7466 	212.963 	22.0987 	-10.7032 	20.0872 	3.22904 	0.207496 	2.02198 	0.126482 	0.0330163 	0.155496 	59.528 	-1.60001 	0.681858 	
1.24978 	-0.265837 	-0.137359 	13.5231 	2.03224 	-0.144346 	156.356 	13.655 	4.82312 	0.00698449 	0.126482 	1.09559 	0.0201006 	0.0743909 	1.04881 	39.6607 	1.4848 	
-0.166153 	-0.173621 	0.197357 	-0.487519 	-0.882225 	4.69831 	-3.10963 	4.38426 	66.1845 	-0.000616269 	0.0330163 	0.0201006 	0.334551 	-0.0349742 	-0.246901 	-0.736015 	19.836 	
13639.2 	729.395 	9.63178 	739.279 	-754.844 	-81.8925 	103.01 	-71.4721 	2.93359 	59.5532 	0.155496 	0.0743909 	-0.0349742 	5570.32 	-210.185 	16.2747 	2.63695 	
-955.675 	635.961 	32.434 	566.295 	11744.8 	715.758 	-804.559 	645.806 	-165.973 	-0.159683 	59.528 	1.04881 	-0.246901 	-210.185 	5470.24 	-194.742 	-53.1624 	
85.0471 	-63.4609 	-5.60632 	484.979 	-702.962 	-81.3968 	10572.4 	467.175 	-121.336 	-0.111182 	-1.60001 	39.6607 	-0.736015 	16.2747 	-194.742 	4863.99 	-30.0352 	
20.1837 	-15.8415 	0.957092 	-20.5767 	-181.713 	280.819 	-95.204 	276.103 	7163.27 	0.0988896 	0.681858 	1.4848 	19.836 	2.63695 	-53.1624 	-30.0352 	3962.95 	
row = 4, column = 17
-138.946,-13.1716,-0.79212,-13.2083,1.23906,0.610499,-0.830597,0.555888,-0.0565997,-1.11668,-0.11018,-0.00370874,0.000327237,-31.6226,0.0847911,0.0590375,-0.0525101,
2.05784,-11.0101,-1.61438,-9.95437,-113.083,-11.7343,5.68335,-10.6663,-1.71461,-0.11018,-1.07367,-0.0671615,-0.0175315,-0.0825678,-31.6092,0.849598,-0.362064,
-0.995444,0.211738,0.109405,-10.7711,-1.61867,0.114971,-124.537,-10.8761,-3.84159,-0.00556312,-0.100742,-0.87263,-0.01601,-0.059252,-0.835369,-31.5896,-1.18263,
0.26468,0.276576,-0.314387,0.776613,1.40538,-7.48437,4.95361,-6.98409,-105.431,0.000981711,-0.0525946,-0.0320201,-0.532937,0.0557137,0.393311,1.17246,-31.5985,
