row = 34, column = 34
1.59672,	0,	0,	0,	0,	0,	0,	0,	0,	0,	0,	0,	0,	0,	0,	0,	0,	0,	0,	0,	0,	0,	0,	0,	0,	0,	0,	0,	0,	0,	0,	0,	0,	0,	
-1.59672,	0,	0,	0,	0,	0,	0,	0,	0,	0,	0,	0,	0,	0,	0,	0,	0,	0,	0,	0,	0,	0,	0,	0,	0,	0,	0,	0,	0,	0,	0,	0,	0,	0,	
0.809774,	0,	0,	0,	0,	0,	0,	0,	0,	0,	0,	0,	0,	0,	0,	0,	0,	0,	0,	0,	0,	0,	0,	0,	0,	0,	0,	0,	0,	0,	0,	0,	0,	0,	
-0.809774,	0,	0,	0,	0,	0,	0,	0,	0,	0,	0,	0,	0,	0,	0,	0,	0,	0,	0,	0,	0,	0,	0,	0,	0,	0,	0,	0,	0,	0,	0,	0,	0,	0,	
0.566815,	0,	0,	0,	0,	0,	0,	0,	0,	0,	0,	0,	0,	0,	0,	0,	0,	0,	0,	0,	0,	0,	0,	0,	0,	0,	0,	0,	0,	0,	0,	0,	0,	0,	
0.558752,	0,	0,	0,	0,	0,	0,	0,	0,	0,	0,	0,	0,	0,	0,	0,	0,	0,	0,	0,	0,	0,	0,	0,	0,	0,	0,	0,	0,	0,	0,	0,	0,	0,	
-0.566815,	0,	0,	0,	0,	0,	0,	0,	0,	0,	0,	0,	0,	0,	0,	0,	0,	0,	0,	0,	0,	0,	0,	0,	0,	0,	0,	0,	0,	0,	0,	0,	0,	0,	
-0.558752,	0,	0,	0,	0,	0,	0,	0,	0,	0,	0,	0,	0,	0,	0,	0,	0,	0,	0,	0,	0,	0,	0,	0,	0,	0,	0,	0,	0,	0,	0,	0,	0,	0,	
0.21105,	-0.242254,	0,	0,	0,	0,	0,	0,	0,	0,	0,	0,	0,	0,	0,	0,	0,	0,	0,	0,	0,	0,	0,	0,	0,	0,	0,	0,	0,	0,	0,	0,	0,	0,	
0.21105,	0.242254,	0,	0,	0,	0,	0,	0,	0,	0,	0,	0,	0,	0,	0,	0,	0,	0,	0,	0,	0,	0,	0,	0,	0,	0,	0,	0,	0,	0,	0,	0,	0,	0,	
0.198122,	-0.219568,	0,	0,	0,	0,	0,	0,	0,	0,	0,	0,	0,	0,	0,	0,	0,	0,	0,	0,	0,	0,	0,	0,	0,	0,	0,	0,	0,	0,	0,	0,	0,	0,	
0.198122,	0.219568,	0,	0,	0,	0,	0,	0,	0,	0,	0,	0,	0,	0,	0,	0,	0,	0,	0,	0,	0,	0,	0,	0,	0,	0,	0,	0,	0,	0,	0,	0,	0,	0,	
0.196619,	-0.197447,	0,	0,	0,	0,	0,	0,	0,	0,	0,	0,	0,	0,	0,	0,	0,	0,	0,	0,	0,	0,	0,	0,	0,	0,	0,	0,	0,	0,	0,	0,	0,	0,	
0.196619,	0.197447,	0,	0,	0,	0,	0,	0,	0,	0,	0,	0,	0,	0,	0,	0,	0,	0,	0,	0,	0,	0,	0,	0,	0,	0,	0,	0,	0,	0,	0,	0,	0,	0,	
0.204584,	-0.191018,	0,	0,	0,	0,	0,	0,	0,	0,	0,	0,	0,	0,	0,	0,	0,	0,	0,	0,	0,	0,	0,	0,	0,	0,	0,	0,	0,	0,	0,	0,	0,	0,	
0.204584,	0.191018,	0,	0,	0,	0,	0,	0,	0,	0,	0,	0,	0,	0,	0,	0,	0,	0,	0,	0,	0,	0,	0,	0,	0,	0,	0,	0,	0,	0,	0,	0,	0,	0,	
-0.21105,	-0.242254,	0,	0,	0,	0,	0,	0,	0,	0,	0,	0,	0,	0,	0,	0,	0,	0,	0,	0,	0,	0,	0,	0,	0,	0,	0,	0,	0,	0,	0,	0,	0,	0,	
-0.21105,	0.242254,	0,	0,	0,	0,	0,	0,	0,	0,	0,	0,	0,	0,	0,	0,	0,	0,	0,	0,	0,	0,	0,	0,	0,	0,	0,	0,	0,	0,	0,	0,	0,	0,	
-0.198122,	-0.219568,	0,	0,	0,	0,	0,	0,	0,	0,	0,	0,	0,	0,	0,	0,	0,	0,	0,	0,	0,	0,	0,	0,	0,	0,	0,	0,	0,	0,	0,	0,	0,	0,	
-0.198122,	0.219568,	0,	0,	0,	0,	0,	0,	0,	0,	0,	0,	0,	0,	0,	0,	0,	0,	0,	0,	0,	0,	0,	0,	0,	0,	0,	0,	0,	0,	0,	0,	0,	0,	
-0.196619,	-0.197447,	0,	0,	0,	0,	0,	0,	0,	0,	0,	0,	0,	0,	0,	0,	0,	0,	0,	0,	0,	0,	0,	0,	0,	0,	0,	0,	0,	0,	0,	0,	0,	0,	
-0.196619,	0.197447,	0,	0,	0,	0,	0,	0,	0,	0,	0,	0,	0,	0,	0,	0,	0,	0,	0,	0,	0,	0,	0,	0,	0,	0,	0,	0,	0,	0,	0,	0,	0,	0,	
-0.204584,	-0.191018,	0,	0,	0,	0,	0,	0,	0,	0,	0,	0,	0,	0,	0,	0,	0,	0,	0,	0,	0,	0,	0,	0,	0,	0,	0,	0,	0,	0,	0,	0,	0,	0,	
-0.204584,	0.191018,	0,	0,	0,	0,	0,	0,	0,	0,	0,	0,	0,	0,	0,	0,	0,	0,	0,	0,	0,	0,	0,	0,	0,	0,	0,	0,	0,	0,	0,	0,	0,	0,	
0.24756,	0,	0,	0,	0,	0,	0,	0,	0,	0,	0,	0,	0,	0,	0,	0,	0,	0,	0,	0,	0,	0,	0,	0,	0,	0,	0,	0,	0,	0,	0,	0,	0,	0,	
-0.24756,	0,	0,	0,	0,	0,	0,	0,	0,	0,	0,	0,	0,	0,	0,	0,	0,	0,	0,	0,	0,	0,	0,	0,	0,	0,	0,	0,	0,	0,	0,	0,	0,	0,	
0.172868,	0,	0,	0,	0,	0,	0,	0,	0,	0,	0,	0,	0,	0,	0,	0,	0,	0,	0,	0,	0,	0,	0,	0,	0,	0,	0,	0,	0,	0,	0,	0,	0,	0,	
0.15837,	0,	0,	0,	0,	0,	0,	0,	0,	0,	0,	0,	0,	0,	0,	0,	0,	0,	0,	0,	0,	0,	0,	0,	0,	0,	0,	0,	0,	0,	0,	0,	0,	0,	
0.0671008,	0,	0,	0,	0,	0,	0,	0,	0,	0,	0,	0,	0,	0,	0,	0,	0,	0,	0,	0,	0,	0,	0,	0,	0,	0,	0,	0,	0,	0,	0,	0,	0,	0,	
-0.0671008,	0,	0,	0,	0,	0,	0,	0,	0,	0,	0,	0,	0,	0,	0,	0,	0,	0,	0,	0,	0,	0,	0,	0,	0,	0,	0,	0,	0,	0,	0,	0,	0,	0,	
-0.172868,	0,	0,	0,	0,	0,	0,	0,	0,	0,	0,	0,	0,	0,	0,	0,	0,	0,	0,	0,	0,	0,	0,	0,	0,	0,	0,	0,	0,	0,	0,	0,	0,	0,	
-0.15837,	0,	0,	0,	0,	0,	0,	0,	0,	0,	0,	0,	0,	0,	0,	0,	0,	0,	0,	0,	0,	0,	0,	0,	0,	0,	0,	0,	0,	0,	0,	0,	0,	0,	
-0.130175,	0,	0,	0,	0,	0,	0,	0,	0,	0,	0,	0,	0,	0,	0,	0,	0,	0,	0,	0,	0,	0,	0,	0,	0,	0,	0,	0,	0,	0,	0,	0,	0,	0,	
0.130175,	0,	0,	0,	0,	0,	0,	0,	0,	0,	0,	0,	0,	0,	0,	0,	0,	0,	0,	0,	0,	0,	0,	0,	0,	0,	0,	0,	0,	0,	0,	0,	0,	0,	
row = 34, column = 68
-4.56487e-07,	-3.81003e-07,	-3.40825e-06,	-1.07539e-07,	-6.21622e-05,	0.000110259,	-8.67384e-05,	0.000145253,	4.88608e-06,	-4.88608e-06,	-4.00853e-06,	4.00853e-06,	2.87887e-06,	-2.87887e-06,	-1.70412e-06,	1.70412e-06,	7.53601e-06,	-7.53601e-06,	-5.40957e-06,	5.40957e-06,	-5.47384e-06,	5.47384e-06,	-1.96127e-06,	1.96127e-06,	1.21776e-07,	-5.09751e-06,	-1.17978e-07,	1.75011e-09,	1.28388e-10,	7.10423e-08,	3.8586e-06,	3.52582e-06,	1.59885e-06,	6.88509e-08,	0,	0,	0,	0,	0,	0,	0,	0,	7.96082e-06,	7.96082e-06,	-1.44003e-05,	-1.44003e-05,	-7.41227e-06,	-7.41227e-06,	6.90459e-07,	6.90459e-07,	-1.15049e-05,	-1.15049e-05,	2.31083e-05,	2.31083e-05,	-1.3132e-05,	-1.3132e-05,	-2.24806e-06,	-2.24806e-06,	0,	0,	0,	0,	0,	0,	0,	0,	0,	0,	
-1.65195e-06,	-8.59113e-07,	-3.25313e-06,	-1.48221e-07,	-6.67118e-05,	0.000117656,	-9.63573e-05,	0.000160672,	5.36114e-06,	-5.36114e-06,	-4.39314e-06,	4.39314e-06,	2.93758e-06,	-2.93758e-06,	-1.91709e-06,	1.91709e-06,	7.90508e-06,	-7.90508e-06,	-4.69086e-06,	4.69086e-06,	-6.28234e-06,	6.28234e-06,	-2.59778e-06,	2.59778e-06,	1.17789e-07,	6.45695e-05,	-1.27417e-07,	-9.0996e-09,	-3.56423e-09,	0.000145358,	-0.000138076,	-0.000126554,	-0.0436528,	6.474e-08,	0,	0,	0,	0,	0,	0,	0,	0,	8.39845e-06,	8.39845e-06,	-1.531e-05,	-1.531e-05,	-7.85437e-06,	-7.85437e-06,	7.31231e-07,	7.31231e-07,	-1.31366e-05,	-1.31366e-05,	2.53719e-05,	2.53719e-05,	-1.38294e-05,	-1.38294e-05,	-2.56845e-06,	-2.56845e-06,	0,	0,	0,	0,	0,	0,	0,	0,	0,	0,	
-4.72894e-06,	2.05116e-07,	-1.17895e-06,	-4.52168e-07,	-6.21654e-05,	0.000110247,	-8.67473e-05,	0.000145264,	4.91526e-06,	-4.91526e-06,	-3.91978e-06,	3.91978e-06,	2.70302e-06,	-2.70302e-06,	-2.11598e-06,	2.11598e-06,	7.45867e-06,	-7.45867e-06,	-5.42783e-06,	5.42783e-06,	-5.45493e-06,	5.45493e-06,	-2.61101e-06,	2.61101e-06,	8.41298e-08,	-5.40054e-06,	-1.27946e-07,	-3.25351e-08,	-9.7237e-09,	0.000287922,	2.5429e-06,	-7.24543e-05,	1.52404e-06,	4.66537e-08,	0,	0,	0,	0,	0,	0,	0,	0,	7.79319e-06,	7.79319e-06,	-1.4581e-05,	-1.4581e-05,	-7.27005e-06,	-7.27005e-06,	7.25348e-07,	7.25348e-07,	-1.17135e-05,	-1.17135e-05,	2.28685e-05,	2.28685e-05,	-1.35454e-05,	-1.35454e-05,	-1.76734e-06,	-1.76734e-06,	0,	0,	0,	0,	0,	0,	0,	0,	0,	0,	
-1.6702e-06,	-8.88083e-07,	-5.10051e-05,	-2.20309e-05,	-8.93142e-05,	-5.5031e-05,	-0.000145477,	-8.4977e-05,	6.67634e-06,	-6.67634e-06,	2.76733e-06,	-2.76733e-06,	1.70266e-06,	-1.70266e-06,	1.13142e-06,	-1.13142e-06,	5.57842e-06,	-5.57842e-06,	6.19136e-06,	-6.19136e-06,	2.10635e-06,	-2.10635e-06,	-4.26722e-07,	4.26722e-07,	-1.63399e-07,	0.000107653,	1.65636e-08,	5.50221e-08,	1.12889e-08,	-9.31395e-05,	-6.95836e-07,	-2.66438e-05,	0.0434923,	9.88118e-08,	0,	0,	0,	0,	0,	0,	0,	0,	1.54078e-05,	1.54078e-05,	-3.11602e-06,	-3.11602e-06,	8.57104e-06,	8.57104e-06,	-3.34937e-06,	-3.34937e-06,	-2.64494e-05,	-2.64494e-05,	4.49293e-06,	4.49293e-06,	1.85106e-05,	1.85106e-05,	5.7492e-06,	5.7492e-06,	0,	0,	0,	0,	0,	0,	0,	0,	0,	0,	
-2.07987e-05,	-1.41899e-05,	-4.89426e-05,	-2.1497e-05,	-9.56713e-05,	-5.85428e-05,	-0.000161869,	-9.3934e-05,	7.27163e-06,	-7.27163e-06,	2.93485e-06,	-2.93485e-06,	1.6437e-06,	-1.6437e-06,	4.78223e-07,	-4.78223e-07,	4.77876e-06,	-4.77876e-06,	6.59536e-06,	-6.59536e-06,	2.58319e-06,	-2.58319e-06,	-5.98084e-07,	5.98084e-07,	-2.38603e-07,	-1.49698e-05,	2.08654e-09,	6.52937e-09,	7.22635e-11,	-4.61195e-07,	1.18768e-06,	1.32798e-07,	2.13763e-06,	7.23547e-08,	0,	0,	0,	0,	0,	0,	0,	0,	1.60482e-05,	1.60482e-05,	-3.70195e-06,	-3.70195e-06,	9.38276e-06,	9.38276e-06,	-3.28476e-06,	-3.28476e-06,	-2.93524e-05,	-2.93524e-05,	4.38668e-06,	4.38668e-06,	1.89538e-05,	1.89538e-05,	7.67876e-06,	7.67876e-06,	0,	0,	0,	0,	0,	0,	0,	0,	0,	0,	
-0.000124128,	-8.25123e-05,	-9.63439e-06,	-6.15898e-06,	-8.94125e-05,	-5.51012e-05,	-0.000145502,	-8.49882e-05,	5.99453e-06,	-5.99453e-06,	2.51499e-06,	-2.51499e-06,	1.07714e-06,	-1.07714e-06,	-1.74389e-06,	1.74389e-06,	4.48594e-06,	-4.48594e-06,	4.84464e-06,	-4.84464e-06,	-9.09312e-08,	9.09312e-08,	3.96239e-06,	-3.96239e-06,	-4.66839e-07,	0.000108824,	-4.72594e-08,	-1.52715e-07,	-2.72196e-08,	7.75148e-05,	2.03424e-06,	0.000103255,	0.0434924,	-2.11044e-08,	0,	0,	0,	0,	0,	0,	0,	0,	1.39784e-05,	1.39784e-05,	-4.88309e-06,	-4.88309e-06,	1.03684e-05,	1.03684e-05,	-1.32565e-06,	-1.32565e-06,	-2.52749e-05,	-2.52749e-05,	5.31813e-06,	5.31813e-06,	1.95771e-05,	1.95771e-05,	7.50581e-06,	7.50581e-06,	0,	0,	0,	0,	0,	0,	0,	0,	0,	0,	
-4.76205e-06,	1.48272e-07,	-0.000365145,	-0.000429637,	-1.22289e-05,	-9.29233e-06,	1.41958e-06,	7.53467e-07,	2.14311e-06,	-2.14311e-06,	1.31772e-06,	-1.31772e-06,	-4.48556e-08,	4.48556e-08,	3.72206e-07,	-3.72206e-07,	2.39033e-06,	-2.39033e-06,	1.52191e-06,	-1.52191e-06,	5.32725e-08,	-5.32725e-08,	4.89309e-07,	-4.89309e-07,	9.13107e-07,	-5.39279e-06,	2.14353e-07,	4.82152e-07,	6.80248e-08,	4.19052e-07,	-3.34651e-06,	5.71414e-07,	-1.68787e-06,	2.9448e-07,	0,	0,	0,	0,	0,	0,	0,	0,	1.54924e-05,	1.54924e-05,	1.27986e-05,	1.27986e-05,	-1.06709e-05,	-1.06709e-05,	-5.42038e-06,	-5.42038e-06,	-1.72796e-05,	-1.72796e-05,	-1.47818e-05,	-1.47818e-05,	-1.26732e-05,	-1.26732e-05,	7.12573e-06,	7.12573e-06,	0,	0,	0,	0,	0,	0,	0,	0,	0,	0,	
-0.000124145,	-8.25454e-05,	-0.000352016,	-0.000455476,	-1.3425e-05,	-1.01751e-05,	1.20503e-06,	6.37389e-07,	1.82216e-06,	-1.82216e-06,	1.23894e-06,	-1.23894e-06,	-6.46041e-07,	6.46041e-07,	-2.21696e-06,	2.21696e-06,	1.05711e-06,	-1.05711e-06,	-1.50251e-07,	1.50251e-07,	-2.46355e-06,	2.46355e-06,	5.62347e-06,	-5.62347e-06,	6.91531e-07,	6.59506e-05,	1.69339e-07,	3.24535e-07,	3.88159e-08,	3.16505e-05,	0.000137666,	3.51698e-05,	-0.0434162,	2.04737e-07,	0,	0,	0,	0,	0,	0,	0,	0,	1.51829e-05,	1.51829e-05,	1.19503e-05,	1.19503e-05,	-9.63041e-06,	-9.63041e-06,	-3.79179e-06,	-3.79179e-06,	-1.78268e-05,	-1.78268e-05,	-1.50419e-05,	-1.50419e-05,	-1.20837e-05,	-1.20837e-05,	8.73083e-06,	8.73083e-06,	0,	0,	0,	0,	0,	0,	0,	0,	0,	0,	
-0.00110097,	-0.00122657,	-4.47925e-05,	-1.32885e-05,	-1.29198e-05,	-9.78023e-06,	-1.64272e-06,	-7.35251e-07,	-4.27398e-06,	4.27398e-06,	-3.07933e-06,	3.07933e-06,	-5.98228e-07,	5.98228e-07,	-1.21804e-05,	1.21804e-05,	7.47645e-06,	-7.47645e-06,	3.83491e-06,	-3.83491e-06,	2.96039e-06,	-2.96039e-06,	1.64626e-05,	-1.64626e-05,	-7.08649e-07,	-1.01597e-05,	-8.69915e-08,	-4.69952e-07,	-6.79693e-08,	-3.36574e-07,	-5.03221e-06,	-4.45495e-06,	-1.5978e-06,	-2.20538e-07,	0,	0,	0,	0,	0,	0,	0,	0,	8.60053e-06,	8.60053e-06,	3.5204e-06,	3.5204e-06,	-5.33575e-09,	-5.33575e-09,	9.82951e-06,	9.82951e-06,	-7.03303e-06,	-7.03303e-06,	-4.80379e-06,	-4.80379e-06,	1.82506e-06,	1.82506e-06,	-1.68943e-05,	-1.68943e-05,	0,	0,	0,	0,	0,	0,	0,	0,	0,	0,	
-3.83953e-07,	8.56832e-07,	-2.79359e-05,	2.92673e-05,	-0.0103686,	0.0259048,	0.0155095,	-0.0263985,	0.00085747,	-0.00085747,	-0.00150958,	0.00150958,	-0.000369508,	0.000369508,	-0.000114787,	0.000114787,	-0.00125242,	0.00125242,	0.00196073,	-0.00196073,	-0.000788917,	0.000788917,	-6.95766e-05,	6.95766e-05,	1.92902e-05,	-0.00174984,	-9.37785e-06,	-8.49517e-08,	-6.12647e-08,	-0.00052263,	0.00183099,	0.00205262,	0.00230837,	2.93532e-06,	0,	0,	0,	0,	0,	0,	0,	0,	3.13597e-05,	3.13597e-05,	-0.000845868,	-0.000845868,	-0.00107353,	-0.00107353,	0.000256387,	0.000256387,	0.000301586,	0.000301586,	-0.000801002,	-0.000801002,	0.000862961,	0.000862961,	0.000205086,	0.000205086,	0,	0,	0,	0,	0,	0,	0,	0,	0,	0,	
-1.04574e-05,	1.51422e-05,	-0.000329915,	0.000338218,	-0.0185365,	-0.0164917,	0.0243119,	0.0146916,	0.0017068,	-0.0017068,	0.00012079,	-0.00012079,	0.000846171,	-0.000846171,	-3.8331e-05,	3.8331e-05,	-0.00235291,	0.00235291,	9.55925e-05,	-9.55925e-05,	0.00145133,	-0.00145133,	0.000400684,	-0.000400684,	-4.48878e-05,	-0.00374018,	-3.64904e-07,	-4.84965e-06,	-4.62489e-07,	-0.00211932,	-1.46425e-05,	1.81212e-05,	0.000994679,	8.94504e-07,	0,	0,	0,	0,	0,	0,	0,	0,	0.000630588,	0.000630588,	-0.000526348,	-0.000526348,	0.00120747,	0.00120747,	-0.000340831,	-0.000340831,	0.000955133,	0.000955133,	-0.000748401,	-0.000748401,	-0.000609221,	-0.000609221,	-0.000268193,	-0.000268193,	0,	0,	0,	0,	0,	0,	0,	0,	0,	0,	
-1.95256e-05,	3.18902e-05,	-0.110054,	0.115401,	0.000453926,	0.000336993,	-0.000652281,	-0.00031792,	0.00126004,	-0.00126004,	0.00105957,	-0.00105957,	-0.000842899,	0.000842899,	-0.000305697,	0.000305697,	-0.00143197,	0.00143197,	-0.0012983,	0.0012983,	-0.00101819,	0.00101819,	0.000350924,	-0.000350924,	0.0001058,	-0.00175286,	1.73577e-05,	3.74953e-05,	3.12737e-06,	0.00107429,	-0.00181728,	-0.000137107,	-0.00114252,	1.85781e-05,	0,	0,	0,	0,	0,	0,	0,	0,	0.000971437,	0.000971437,	0.00112849,	0.00112849,	-0.00117646,	-0.00117646,	-0.000458786,	-0.000458786,	0.00105276,	0.00105276,	0.000664986,	0.000664986,	0.000437711,	0.000437711,	-0.000494425,	-0.000494425,	0,	0,	0,	0,	0,	0,	0,	0,	0,	0,	
-0.710103,	0.712471,	0.000333913,	-0.000102777,	0.000280597,	0.000216124,	-9.05252e-05,	-4.94602e-05,	-0.000117191,	0.000117191,	-0.000209321,	0.000209321,	-8.39232e-05,	8.39232e-05,	-0.00056657,	0.00056657,	-0.000695698,	0.000695698,	-0.000530192,	0.000530192,	-1.42846e-06,	1.42846e-06,	-0.00218328,	0.00218328,	-0.000100633,	-0.00148267,	-1.22232e-05,	-5.056e-05,	-4.53741e-06,	-0.00153954,	-0.00180558,	-0.00199033,	-0.00114506,	-2.33485e-05,	0,	0,	0,	0,	0,	0,	0,	0,	0.000791536,	0.000791536,	0.000496112,	0.000496112,	1.71091e-05,	1.71091e-05,	0.00216573,	0.00216573,	8.53344e-05,	8.53344e-05,	4.37834e-05,	4.37834e-05,	-0.000391395,	-0.000391395,	-0.000641482,	-0.000641482,	0,	0,	0,	0,	0,	0,	0,	0,	0,	0,	
-2.8589e-07,	2.38615e-07,	-4.20889e-06,	1.32801e-07,	-0.000109669,	0.00019733,	0.000153027,	-0.00025996,	-8.69269e-06,	8.69269e-06,	2.70707e-05,	-2.70707e-05,	2.61393e-05,	-2.61393e-05,	-6.13365e-06,	6.13365e-06,	1.15922e-05,	-1.15922e-05,	-4.57578e-05,	4.57578e-05,	4.72557e-05,	-4.72557e-05,	1.0603e-05,	-1.0603e-05,	4.91906e-07,	2.0591e-05,	-6.82472e-07,	1.10508e-08,	1.91336e-09,	-1.05874e-06,	-2.23211e-05,	-2.22632e-05,	-1.22823e-05,	5.28912e-07,	0,	0,	0,	0,	0,	0,	0,	0,	2.77422e-05,	2.77422e-05,	-4.26832e-05,	-4.26832e-05,	-1.14492e-05,	-1.14492e-05,	-2.35197e-06,	-2.35197e-06,	4.12068e-05,	4.12068e-05,	-6.59259e-05,	-6.59259e-05,	1.93344e-05,	1.93344e-05,	1.08858e-06,	1.08858e-06,	0,	0,	0,	0,	0,	0,	0,	0,	0,	0,	
-1.30259e-05,	8.88687e-06,	-6.04399e-05,	2.65469e-05,	-0.000168787,	-0.000104774,	0.000285577,	0.000168114,	-2.27947e-05,	2.27947e-05,	1.59416e-05,	-1.59416e-05,	-1.96977e-05,	1.96977e-05,	9.25785e-06,	-9.25785e-06,	5.9113e-05,	-5.9113e-05,	-2.59524e-05,	2.59524e-05,	-5.47403e-05,	5.47403e-05,	-1.71608e-05,	1.71608e-05,	-9.63817e-07,	6.04694e-05,	1.20701e-08,	4.12286e-08,	1.07694e-09,	6.87316e-06,	-6.87042e-06,	-8.38528e-07,	-1.64213e-05,	5.55828e-07,	0,	0,	0,	0,	0,	0,	0,	0,	4.9875e-05,	4.9875e-05,	-1.01804e-06,	-1.01804e-06,	2.79398e-05,	2.79398e-05,	-7.41182e-06,	-7.41182e-06,	7.12249e-05,	7.12249e-05,	6.62034e-06,	6.62034e-06,	-4.14277e-05,	-4.14277e-05,	-2.15107e-05,	-2.15107e-05,	0,	0,	0,	0,	0,	0,	0,	0,	0,	0,	
-2.98239e-06,	-9.28602e-08,	-0.000450923,	0.000530564,	-2.15747e-05,	-1.66305e-05,	-2.50448e-06,	-1.34848e-06,	-3.19755e-05,	3.19755e-05,	-2.91451e-05,	2.91451e-05,	2.7022e-05,	-2.7022e-05,	1.41882e-05,	-1.41882e-05,	3.56641e-05,	-3.56641e-05,	3.36612e-05,	-3.36612e-05,	3.20926e-05,	-3.20926e-05,	-1.8652e-05,	1.8652e-05,	3.68843e-06,	2.17838e-05,	1.23998e-06,	3.04447e-06,	1.01377e-06,	-6.24511e-06,	1.93588e-05,	-3.6081e-06,	1.29662e-05,	2.2622e-06,	0,	0,	0,	0,	0,	0,	0,	0,	3.67033e-05,	3.67033e-05,	3.22999e-05,	3.22999e-05,	-2.71359e-05,	-2.71359e-05,	-1.32473e-05,	-1.32473e-05,	4.09372e-05,	4.09372e-05,	3.73048e-05,	3.73048e-05,	3.22277e-05,	3.22277e-05,	-1.74151e-05,	-1.74151e-05,	0,	0,	0,	0,	0,	0,	0,	0,	0,	0,	
-0.000689523,	0.000768183,	-5.53149e-05,	1.64101e-05,	-2.27937e-05,	-1.75037e-05,	2.89816e-06,	1.31588e-06,	-2.89215e-05,	2.89215e-05,	-1.58131e-05,	1.58131e-05,	-1.50132e-06,	1.50132e-06,	-5.57748e-05,	5.57748e-05,	1.21942e-06,	-1.21942e-06,	3.37261e-06,	-3.37261e-06,	-1.21377e-05,	1.21377e-05,	-1.79819e-06,	1.79819e-06,	-2.86254e-06,	4.10393e-05,	-5.03225e-07,	-2.96743e-06,	-1.01294e-06,	5.01595e-06,	2.91101e-05,	2.813e-05,	1.22743e-05,	-1.69417e-06,	0,	0,	0,	0,	0,	0,	0,	0,	7.55356e-06,	7.55356e-06,	2.44066e-07,	2.44066e-07,	-1.53478e-06,	-1.53478e-06,	-4.02993e-06,	-4.02993e-06,	3.19243e-05,	3.19243e-05,	2.0509e-05,	2.0509e-05,	2.90658e-06,	2.90658e-06,	8.42576e-05,	8.42576e-05,	0,	0,	0,	0,	0,	0,	0,	0,	0,	0,	
-0.00013025,	9.38806e-05,	-0.0106179,	0.00169334,	-0.4257,	0.758399,	0.4185,	-0.718815,	-0.208535,	0.208535,	0.386547,	-0.386547,	0.0460505,	-0.0460505,	0.0368508,	-0.0368508,	0.328678,	-0.328678,	-0.641592,	0.641592,	0.278654,	-0.278654,	0.0349162,	-0.0349162,	0.190845,	0.272264,	-0.0981044,	-0.352069,	0.607544,	-0.0826257,	-0.505562,	-0.593469,	-0.465591,	0.0499943,	0,	0,	0,	0,	0,	0,	0,	0,	-0.199454,	-0.199454,	0.552407,	0.552407,	0.447646,	0.447646,	-0.0949885,	-0.0949885,	-0.102683,	-0.102683,	0.385922,	0.385922,	-0.444854,	-0.444854,	-0.0955138,	-0.0955138,	0,	0,	0,	0,	0,	0,	0,	0,	0,	0,	
0.000173773,	8.99964e-05,	0.00798266,	0.00162107,	0.11181,	-0.0242317,	0.0639221,	-0.0176983,	-0.0880051,	0.0880051,	0.108001,	-0.108001,	-0.0144775,	0.0144775,	0.0271894,	-0.0271894,	0.0401,	-0.0401,	-0.0172984,	0.0172984,	-0.0218325,	0.0218325,	-0.016614,	0.016614,	-0.332722,	0.098019,	0.44451,	-0.00494293,	-9.99013e-06,	0.101615,	-0.0804525,	-0.0838879,	-0.30996,	-0.398589,	0,	0,	0,	0,	0,	0,	0,	0,	0.0949501,	0.0949501,	-0.0739017,	-0.0739017,	0.027439,	0.027439,	-0.018792,	-0.018792,	-0.0853578,	-0.0853578,	0.0852795,	0.0852795,	0.00353614,	0.00353614,	0.00667448,	0.00667448,	0,	0,	0,	0,	0,	0,	0,	0,	0,	0,	
-0.000211776,	0.000172956,	-0.00116696,	0.000187169,	-0.0163522,	-0.00196008,	0.00643848,	0.000280991,	0.0334951,	-0.0334951,	-0.0166854,	0.0166854,	0.022042,	-0.022042,	0.00439252,	-0.00439252,	-0.00400981,	0.00400981,	0.00706898,	-0.00706898,	0.00130592,	-0.00130592,	0.00520555,	-0.00520555,	0.159566,	0.0260684,	-0.379839,	0.357327,	-0.607524,	0.0852013,	-0.000948342,	0.00241852,	-0.0264624,	0.382166,	0,	0,	0,	0,	0,	0,	0,	0,	0.0173296,	0.0173296,	-0.0111932,	-0.0111932,	0.0102237,	0.0102237,	0.0167446,	0.0167446,	-0.0179052,	-0.0179052,	0.00701716,	0.00701716,	0.00917958,	0.00917958,	-0.00331799,	-0.00331799,	0,	0,	0,	0,	0,	0,	0,	0,	0,	0,	
0.000207218,	8.9412e-05,	0.0534536,	0.0325786,	0.119093,	-0.0189854,	0.0635131,	-0.0177371,	-0.149599,	0.149599,	0.0330488,	-0.0330488,	0.065599,	-0.065599,	0.0650727,	-0.0650727,	0.0506907,	-0.0506907,	-0.00288335,	0.00288335,	-0.00244412,	0.00244412,	-0.0284887,	0.0284887,	-0.372165,	0.126074,	-0.340529,	0.608231,	0.35986,	-0.0323022,	-0.0219607,	-0.0965692,	0.0978154,	0.451063,	0,	0,	0,	0,	0,	0,	0,	0,	0.152475,	0.152475,	-0.00815003,	-0.00815003,	-0.05017,	-0.05017,	-0.0624957,	-0.0624957,	-0.125572,	-0.125572,	0.0400046,	0.0400046,	-0.0415992,	-0.0415992,	0.0308934,	0.0308934,	0,	0,	0,	0,	0,	0,	0,	0,	0,	0,	
-0.00621451,	0.00351267,	-0.124963,	0.0364209,	-0.791015,	-0.489516,	0.69521,	0.413628,	-0.224715,	0.224715,	-0.146726,	0.146726,	-0.180538,	0.180538,	-0.00185442,	0.00185442,	0.54079,	-0.54079,	0.0198157,	-0.0198157,	-0.477037,	0.477037,	-0.212236,	0.212236,	0.635042,	0.632598,	-0.00203809,	-0.00172658,	-3.58169e-05,	0.498394,	-0.103882,	-0.0151726,	-0.439796,	-0.43054,	0,	0,	0,	0,	0,	0,	0,	0,	-0.549236,	-0.549236,	0.18339,	0.18339,	-0.576013,	-0.576013,	0.244475,	0.244475,	-0.367613,	-0.367613,	0.215473,	0.215473,	0.356665,	0.356665,	0.0752248,	0.0752248,	0,	0,	0,	0,	0,	0,	0,	0,	0,	0,	
0.00769357,	0.00700059,	0.0131254,	0.00258206,	0.0820087,	0.0523077,	0.0408,	0.0242553,	-0.119363,	0.119363,	-0.00111569,	0.00111569,	-0.0954632,	0.0954632,	-0.120348,	0.120348,	0.0386459,	-0.0386459,	0.0298534,	-0.0298534,	-0.014132,	0.014132,	0.0713896,	-0.0713896,	-0.298238,	0.124359,	0.342715,	-0.605219,	-0.359705,	0.229638,	0.0740494,	0.100849,	0.162854,	0.017635,	0,	0,	0,	0,	0,	0,	0,	0,	0.0565777,	0.0565777,	0.0123384,	0.0123384,	0.0549761,	0.0549761,	-0.00812645,	-0.00812645,	-0.0747334,	-0.0747334,	0.00410811,	0.00410811,	0.069756,	0.069756,	-0.00626223,	-0.00626223,	0,	0,	0,	0,	0,	0,	0,	0,	0,	0,	
-0.00145388,	0.000138766,	-0.781638,	0.731366,	-0.0973383,	-0.0669445,	-0.000423437,	-0.00331492,	-0.192695,	0.192695,	-0.251373,	0.251373,	0.274545,	-0.274545,	0.143844,	-0.143844,	0.333066,	-0.333066,	0.37635,	-0.37635,	0.385045,	-0.385045,	-0.211758,	0.211758,	0.274171,	0.292889,	0.465821,	-0.0771721,	-0.0349285,	-0.574076,	0.441735,	-0.0929667,	0.451167,	0.38139,	0,	0,	0,	0,	0,	0,	0,	0,	-0.475392,	-0.475392,	-0.539023,	-0.539023,	0.538479,	0.538479,	0.280805,	0.280805,	-0.29924,	-0.29924,	-0.286451,	-0.286451,	-0.267148,	-0.267148,	0.143642,	0.143642,	0,	0,	0,	0,	0,	0,	0,	0,	0,	0,	
0.00772712,	0.00699991,	0.057364,	0.0340795,	0.0897172,	0.0585881,	0.0403132,	0.0240328,	-0.180891,	0.180891,	-0.0761658,	0.0761658,	-0.0154762,	0.0154762,	-0.0825068,	0.0825068,	0.0492877,	-0.0492877,	0.044249,	-0.044249,	0.0050855,	-0.0050855,	0.0594896,	-0.0594896,	-0.337014,	0.152292,	-0.444786,	0.00798686,	0.000166093,	0.0968151,	0.132452,	0.0874956,	-0.0981226,	-0.393872,	0,	0,	0,	0,	0,	0,	0,	0,	0.114156,	0.114156,	0.0780084,	0.0780084,	-0.0227262,	-0.0227262,	-0.0518291,	-0.0518291,	-0.114964,	-0.114964,	-0.0410564,	-0.0410564,	0.0244817,	0.0244817,	0.0179474,	0.0179474,	0,	0,	0,	0,	0,	0,	0,	0,	0,	0,	
-0.29108,	0.288462,	-0.0989555,	0.0242102,	-0.0987672,	-0.0763285,	0.0127051,	0.00659571,	0.0890769,	-0.0890769,	0.0969289,	-0.0969289,	0.0448234,	-0.0448234,	0.261997,	-0.261997,	0.251876,	-0.251876,	0.197168,	-0.197168,	0.0121871,	-0.0121871,	0.839319,	-0.839319,	0.0869388,	0.522719,	0.0138512,	0.0732342,	0.0352277,	0.556308,	0.67033,	0.743545,	0.438801,	0.0484082,	0,	0,	0,	0,	0,	0,	0,	0,	-0.312336,	-0.312336,	-0.199428,	-0.199428,	-0.00126096,	-0.00126096,	-0.825234,	-0.825234,	-0.020387,	-0.020387,	-0.0234618,	-0.0234618,	0.137759,	0.137759,	0.218653,	0.218653,	0,	0,	0,	0,	0,	0,	0,	0,	0,	0,	
1.82278e-06,	4.28292e-06,	8.93046e-05,	7.39453e-05,	0.0243627,	-0.0601312,	0.0259023,	-0.0433352,	-0.000959794,	0.000959794,	0.00223215,	-0.00223215,	0.00113517,	-0.00113517,	-5.15169e-05,	5.15169e-05,	-0.000770527,	0.000770527,	0.00133498,	-0.00133498,	-0.000886712,	0.000886712,	-0.000165918,	0.000165918,	-2.34867e-05,	-0.000940258,	8.92864e-06,	7.5648e-08,	3.51101e-08,	6.17708e-05,	0.000497678,	0.000451626,	-0.000468206,	-2.34869e-06,	0,	0,	0,	0,	0,	0,	0,	0,	0.000703169,	0.000703169,	-0.000294673,	-0.000294673,	0.00085424,	0.00085424,	-0.000350887,	-0.000350887,	-0.000953682,	-0.000953682,	0.00123765,	0.00123765,	-0.000244603,	-0.000244603,	3.18954e-05,	3.18954e-05,	0,	0,	0,	0,	0,	0,	0,	0,	0,	0,	
5.75433e-05,	7.62018e-05,	0.00105587,	0.000853626,	0.0435564,	0.0382825,	0.0406033,	0.0241177,	-0.00239889,	0.00239889,	0.000284099,	-0.000284099,	-0.00172304,	0.00172304,	0.000271699,	-0.000271699,	-0.00178196,	0.00178196,	0.000617816,	-0.000617816,	0.000945593,	-0.000945593,	0.000336359,	-0.000336359,	5.46495e-05,	-0.00200891,	3.47031e-07,	4.37072e-06,	2.66966e-07,	0.000216381,	-3.95589e-06,	5.16903e-06,	0.00161368,	-7.1298e-07,	0,	0,	0,	0,	0,	0,	0,	0,	0.000781216,	0.000781216,	0.000642495,	0.000642495,	-0.000659278,	-0.000659278,	0.000336991,	0.000336991,	-0.00163297,	-0.00163297,	-0.000196781,	-0.000196781,	0.00079951,	0.00079951,	0.000168387,	0.000168387,	0,	0,	0,	0,	0,	0,	0,	0,	0,	0,	
4.91771e-05,	7.30085e-05,	0.157087,	0.129862,	-0.000474712,	-0.000348103,	-0.000484666,	-0.000232207,	-0.000980362,	0.000980362,	-0.000881451,	0.000881451,	0.000754679,	-0.000754679,	0.000282852,	-0.000282852,	-0.000662067,	0.000662067,	-0.000439499,	0.000439499,	-0.000298051,	0.000298051,	0.000209136,	-0.000209136,	-5.72444e-05,	-0.00041839,	-7.34627e-06,	-1.50128e-05,	-8.01768e-07,	-4.82933e-05,	-0.000219029,	-1.30864e-05,	-0.000558465,	-6.61135e-06,	0,	0,	0,	0,	0,	0,	0,	0,	1.17303e-05,	1.17303e-05,	-0.000155815,	-0.000155815,	0.000279712,	0.000279712,	0.000125075,	0.000125075,	-0.000356109,	-0.000356109,	-0.000342469,	-0.000342469,	-0.000247606,	-0.000247606,	2.10897e-05,	2.10897e-05,	0,	0,	0,	0,	0,	0,	0,	0,	0,	0,	
0.473615,	0.421396,	-0.000119627,	-2.92502e-05,	-7.34108e-05,	-5.58438e-05,	-1.69061e-05,	-9.07889e-06,	-6.14132e-05,	6.14132e-05,	-1.86967e-05,	1.86967e-05,	8.3367e-06,	-8.3367e-06,	-9.60301e-05,	9.60301e-05,	-3.96931e-05,	3.96931e-05,	-2.51397e-05,	2.51397e-05,	3.04131e-05,	-3.04131e-05,	-4.51993e-05,	4.51993e-05,	1.36128e-05,	-8.86318e-05,	1.29371e-06,	5.0616e-06,	2.90896e-07,	1.74757e-05,	-5.47858e-05,	-4.90231e-05,	-1.54768e-05,	2.07806e-06,	0,	0,	0,	0,	0,	0,	0,	0,	-0.000106834,	-0.000106834,	-7.55516e-05,	-7.55516e-05,	-8.50051e-06,	-8.50051e-06,	-0.000298962,	-0.000298962,	-6.26073e-05,	-6.26073e-05,	-4.41424e-05,	-4.41424e-05,	-1.56439e-05,	-1.56439e-05,	-0.000191932,	-0.000191932,	0,	0,	0,	0,	0,	0,	0,	0,	0,	0,	
0.000179047,	0.00014944,	0.00519761,	0.000163998,	0.193483,	-0.353164,	0.269978,	-0.465252,	0.0828763,	-0.0828763,	-0.168474,	0.168474,	-0.0953074,	0.0953074,	0.0102827,	-0.0102827,	0.120403,	-0.120403,	-0.269154,	0.269154,	0.168832,	-0.168832,	0.0303429,	-0.0303429,	-0.00198701,	0.0831757,	0.00394793,	-6.97782e-05,	-2.85147e-05,	-0.0157783,	-0.129122,	-0.140577,	-0.0943528,	-0.00406309,	0,	0,	0,	0,	0,	0,	0,	0,	-0.0363185,	-0.0363185,	0.0287279,	0.0287279,	-0.0374785,	-0.0374785,	0.0210972,	0.0210972,	0.0570422,	0.0570422,	-0.0344655,	-0.0344655,	-0.0712091,	-0.0712091,	-0.0230098,	-0.0230098,	0,	0,	0,	0,	0,	0,	0,	0,	0,	0,	
0.00815787,	0.00556569,	0.0746379,	0.0327831,	0.297782,	0.187515,	0.503828,	0.300874,	0.163648,	-0.163648,	-0.0386669,	0.0386669,	0.120931,	-0.120931,	-0.0422478,	0.0422478,	0.288003,	-0.288003,	-0.0421682,	0.0421682,	-0.243968,	0.243968,	-0.0972619,	0.0972619,	0.00389326,	0.244262,	-6.98229e-05,	-0.00026033,	-1.60496e-05,	0.10243,	-0.0397437,	-0.00529473,	-0.126148,	-0.00426986,	0,	0,	0,	0,	0,	0,	0,	0,	-0.0484745,	-0.0484745,	-0.037714,	-0.037714,	-0.0206614,	-0.0206614,	-0.00321755,	-0.00321755,	0.00689329,	0.00689329,	0.0801482,	0.0801482,	0.0342952,	0.0342952,	-0.0143309,	-0.0143309,	0,	0,	0,	0,	0,	0,	0,	0,	0,	0,	
0.00186781,	-5.81567e-05,	0.556851,	0.6552,	0.038063,	0.0297636,	-0.00441851,	-0.00241338,	0.151507,	-0.151507,	0.147107,	-0.147107,	-0.137433,	0.137433,	-0.0693511,	0.0693511,	0.168984,	-0.168984,	0.169901,	-0.169901,	0.163222,	-0.163222,	-0.0911702,	0.0911702,	-0.0148991,	0.0879939,	-0.00717299,	-0.0192237,	-0.0151081,	-0.0930704,	0.111986,	-0.0227826,	0.0996063,	-0.0173781,	0,	0,	0,	0,	0,	0,	0,	0,	-5.78116e-19,	-5.78116e-19,	-0,	-0,	-1.3161e-18,	1.3161e-18,	2.1807e-18,	-2.1807e-18,	-0,	-0,	1.21924e-18,	-1.21924e-18,	-1.31577e-18,	1.31577e-18,	-0,	-0,	0,	0,	0,	0,	0,	0,	0,	0,	0,	0,	
0.431836,	0.4811,	0.068309,	0.020265,	0.0402136,	0.0313264,	0.00511305,	0.00235503,	0.0768556,	-0.0768556,	0.036433,	-0.036433,	-0.000101106,	0.000101106,	0.135825,	-0.135825,	0.0774119,	-0.0774119,	0.0591259,	-0.0591259,	-0.0233448,	0.0233448,	0.200744,	-0.200744,	0.011563,	0.165775,	0.00291103,	0.0187373,	0.0150958,	0.0747523,	0.168395,	0.177622,	0.0942912,	0.0130146,	0,	0,	0,	0,	0,	0,	0,	0,	0.0524287,	0.0524287,	0.0391447,	0.0391447,	0.00770434,	0.00770434,	0.146516,	0.146516,	0.0624068,	0.0624068,	0.0379907,	0.0379907,	0.038226,	0.038226,	0.224415,	0.224415,	0,	0,	0,	0,	0,	0,	0,	0,	0,	0,	
row = 17, column = 17
-3.81003e-07,	-1.07539e-07,	-8.67384e-05,	0.000145253,	7.53601e-06,	-7.53601e-06,	-5.40957e-06,	5.40957e-06,	-5.47384e-06,	5.47384e-06,	-1.96127e-06,	1.96127e-06,	-5.09751e-06,	7.10423e-08,	3.8586e-06,	3.52582e-06,	1.59885e-06,	
-8.59113e-07,	-1.48221e-07,	-9.63573e-05,	0.000160672,	7.90508e-06,	-7.90508e-06,	-4.69086e-06,	4.69086e-06,	-6.28234e-06,	6.28234e-06,	-2.59778e-06,	2.59778e-06,	6.45695e-05,	0.000145358,	-0.000138076,	-0.000126554,	-0.0436528,	
2.05116e-07,	-4.52168e-07,	-8.67473e-05,	0.000145264,	7.45867e-06,	-7.45867e-06,	-5.42783e-06,	5.42783e-06,	-5.45493e-06,	5.45493e-06,	-2.61101e-06,	2.61101e-06,	-5.40054e-06,	0.000287922,	2.5429e-06,	-7.24543e-05,	1.52404e-06,	
-8.88083e-07,	-2.20309e-05,	-0.000145477,	-8.4977e-05,	5.57842e-06,	-5.57842e-06,	6.19136e-06,	-6.19136e-06,	2.10635e-06,	-2.10635e-06,	-4.26722e-07,	4.26722e-07,	0.000107653,	-9.31395e-05,	-6.95836e-07,	-2.66438e-05,	0.0434923,	
-1.41899e-05,	-2.1497e-05,	-0.000161869,	-9.3934e-05,	4.77876e-06,	-4.77876e-06,	6.59536e-06,	-6.59536e-06,	2.58319e-06,	-2.58319e-06,	-5.98084e-07,	5.98084e-07,	-1.49698e-05,	-4.61195e-07,	1.18768e-06,	1.32798e-07,	2.13763e-06,	
-8.25123e-05,	-6.15898e-06,	-0.000145502,	-8.49882e-05,	4.48594e-06,	-4.48594e-06,	4.84464e-06,	-4.84464e-06,	-9.09312e-08,	9.09312e-08,	3.96239e-06,	-3.96239e-06,	0.000108824,	7.75148e-05,	2.03424e-06,	0.000103255,	0.0434924,	
1.48272e-07,	-0.000429637,	1.41958e-06,	7.53467e-07,	2.39033e-06,	-2.39033e-06,	1.52191e-06,	-1.52191e-06,	5.32725e-08,	-5.32725e-08,	4.89309e-07,	-4.89309e-07,	-5.39279e-06,	4.19052e-07,	-3.34651e-06,	5.71414e-07,	-1.68787e-06,	
-8.25454e-05,	-0.000455476,	1.20503e-06,	6.37389e-07,	1.05711e-06,	-1.05711e-06,	-1.50251e-07,	1.50251e-07,	-2.46355e-06,	2.46355e-06,	5.62347e-06,	-5.62347e-06,	6.59506e-05,	3.16505e-05,	0.000137666,	3.51698e-05,	-0.0434162,	
-0.00122657,	-1.32885e-05,	-1.64272e-06,	-7.35251e-07,	7.47645e-06,	-7.47645e-06,	3.83491e-06,	-3.83491e-06,	2.96039e-06,	-2.96039e-06,	1.64626e-05,	-1.64626e-05,	-1.01597e-05,	-3.36574e-07,	-5.03221e-06,	-4.45495e-06,	-1.5978e-06,	
8.56832e-07,	2.92673e-05,	0.0155095,	-0.0263985,	-0.00125242,	0.00125242,	0.00196073,	-0.00196073,	-0.000788917,	0.000788917,	-6.95766e-05,	6.95766e-05,	-0.00174984,	-0.00052263,	0.00183099,	0.00205262,	0.00230837,	
1.51422e-05,	0.000338218,	0.0243119,	0.0146916,	-0.00235291,	0.00235291,	9.55925e-05,	-9.55925e-05,	0.00145133,	-0.00145133,	0.000400684,	-0.000400684,	-0.00374018,	-0.00211932,	-1.46425e-05,	1.81212e-05,	0.000994679,	
3.18902e-05,	0.115401,	-0.000652281,	-0.00031792,	-0.00143197,	0.00143197,	-0.0012983,	0.0012983,	-0.00101819,	0.00101819,	0.000350924,	-0.000350924,	-0.00175286,	0.00107429,	-0.00181728,	-0.000137107,	-0.00114252,	
0.712471,	-0.000102777,	-9.05252e-05,	-4.94602e-05,	-0.000695698,	0.000695698,	-0.000530192,	0.000530192,	-1.42846e-06,	1.42846e-06,	-0.00218328,	0.00218328,	-0.00148267,	-0.00153954,	-0.00180558,	-0.00199033,	-0.00114506,	
2.38615e-07,	1.32801e-07,	0.000153027,	-0.00025996,	1.15922e-05,	-1.15922e-05,	-4.57578e-05,	4.57578e-05,	4.72557e-05,	-4.72557e-05,	1.0603e-05,	-1.0603e-05,	2.0591e-05,	-1.05874e-06,	-2.23211e-05,	-2.22632e-05,	-1.22823e-05,	
8.88687e-06,	2.65469e-05,	0.000285577,	0.000168114,	5.9113e-05,	-5.9113e-05,	-2.59524e-05,	2.59524e-05,	-5.47403e-05,	5.47403e-05,	-1.71608e-05,	1.71608e-05,	6.04694e-05,	6.87316e-06,	-6.87042e-06,	-8.38528e-07,	-1.64213e-05,	
-9.28602e-08,	0.000530564,	-2.50448e-06,	-1.34848e-06,	3.56641e-05,	-3.56641e-05,	3.36612e-05,	-3.36612e-05,	3.20926e-05,	-3.20926e-05,	-1.8652e-05,	1.8652e-05,	2.17838e-05,	-6.24511e-06,	1.93588e-05,	-3.6081e-06,	1.29662e-05,	
0.000768183,	1.64101e-05,	2.89816e-06,	1.31588e-06,	1.21942e-06,	-1.21942e-06,	3.37261e-06,	-3.37261e-06,	-1.21377e-05,	1.21377e-05,	-1.79819e-06,	1.79819e-06,	4.10393e-05,	5.01595e-06,	2.91101e-05,	2.813e-05,	1.22743e-05,	
row = 17, column = 17
9.38806e-05,	0.00169334,	0.4185,	-0.718815,	0.328678,	-0.328678,	-0.641592,	0.641592,	0.278654,	-0.278654,	0.0349162,	-0.0349162,	0.272264,	-0.0826257,	-0.505562,	-0.593469,	-0.465591,	
8.99964e-05,	0.00162107,	0.0639221,	-0.0176983,	0.0401,	-0.0401,	-0.0172984,	0.0172984,	-0.0218325,	0.0218325,	-0.016614,	0.016614,	0.098019,	0.101615,	-0.0804525,	-0.0838879,	-0.30996,	
0.000172956,	0.000187169,	0.00643848,	0.000280991,	-0.00400981,	0.00400981,	0.00706898,	-0.00706898,	0.00130592,	-0.00130592,	0.00520555,	-0.00520555,	0.0260684,	0.0852013,	-0.000948342,	0.00241852,	-0.0264624,	
8.9412e-05,	0.0325786,	0.0635131,	-0.0177371,	0.0506907,	-0.0506907,	-0.00288335,	0.00288335,	-0.00244412,	0.00244412,	-0.0284887,	0.0284887,	0.126074,	-0.0323022,	-0.0219607,	-0.0965692,	0.0978154,	
0.00351267,	0.0364209,	0.69521,	0.413628,	0.54079,	-0.54079,	0.0198157,	-0.0198157,	-0.477037,	0.477037,	-0.212236,	0.212236,	0.632598,	0.498394,	-0.103882,	-0.0151726,	-0.439796,	
0.00700059,	0.00258206,	0.0408,	0.0242553,	0.0386459,	-0.0386459,	0.0298534,	-0.0298534,	-0.014132,	0.014132,	0.0713896,	-0.0713896,	0.124359,	0.229638,	0.0740494,	0.100849,	0.162854,	
0.000138766,	0.731366,	-0.000423437,	-0.00331492,	0.333066,	-0.333066,	0.37635,	-0.37635,	0.385045,	-0.385045,	-0.211758,	0.211758,	0.292889,	-0.574076,	0.441735,	-0.0929667,	0.451167,	
0.00699991,	0.0340795,	0.0403132,	0.0240328,	0.0492877,	-0.0492877,	0.044249,	-0.044249,	0.0050855,	-0.0050855,	0.0594896,	-0.0594896,	0.152292,	0.0968151,	0.132452,	0.0874956,	-0.0981226,	
0.288462,	0.0242102,	0.0127051,	0.00659571,	0.251876,	-0.251876,	0.197168,	-0.197168,	0.0121871,	-0.0121871,	0.839319,	-0.839319,	0.522719,	0.556308,	0.67033,	0.743545,	0.438801,	
4.28292e-06,	7.39453e-05,	0.0259023,	-0.0433352,	-0.000770527,	0.000770527,	0.00133498,	-0.00133498,	-0.000886712,	0.000886712,	-0.000165918,	0.000165918,	-0.000940258,	6.17708e-05,	0.000497678,	0.000451626,	-0.000468206,	
7.62018e-05,	0.000853626,	0.0406033,	0.0241177,	-0.00178196,	0.00178196,	0.000617816,	-0.000617816,	0.000945593,	-0.000945593,	0.000336359,	-0.000336359,	-0.00200891,	0.000216381,	-3.95589e-06,	5.16903e-06,	0.00161368,	
7.30085e-05,	0.129862,	-0.000484666,	-0.000232207,	-0.000662067,	0.000662067,	-0.000439499,	0.000439499,	-0.000298051,	0.000298051,	0.000209136,	-0.000209136,	-0.00041839,	-4.82933e-05,	-0.000219029,	-1.30864e-05,	-0.000558465,	
0.421396,	-2.92502e-05,	-1.69061e-05,	-9.07889e-06,	-3.96931e-05,	3.96931e-05,	-2.51397e-05,	2.51397e-05,	3.04131e-05,	-3.04131e-05,	-4.51993e-05,	4.51993e-05,	-8.86318e-05,	1.74757e-05,	-5.47858e-05,	-4.90231e-05,	-1.54768e-05,	
0.00014944,	0.000163998,	0.269978,	-0.465252,	0.120403,	-0.120403,	-0.269154,	0.269154,	0.168832,	-0.168832,	0.0303429,	-0.0303429,	0.0831757,	-0.0157783,	-0.129122,	-0.140577,	-0.0943528,	
0.00556569,	0.0327831,	0.503828,	0.300874,	0.288003,	-0.288003,	-0.0421682,	0.0421682,	-0.243968,	0.243968,	-0.0972619,	0.0972619,	0.244262,	0.10243,	-0.0397437,	-0.00529473,	-0.126148,	
-5.81567e-05,	0.6552,	-0.00441851,	-0.00241338,	0.168984,	-0.168984,	0.169901,	-0.169901,	0.163222,	-0.163222,	-0.0911702,	0.0911702,	0.0879939,	-0.0930704,	0.111986,	-0.0227826,	0.0996063,	
0.4811,	0.020265,	0.00511305,	0.00235503,	0.0774119,	-0.0774119,	0.0591259,	-0.0591259,	-0.0233448,	0.0233448,	0.200744,	-0.200744,	0.165775,	0.0747523,	0.168395,	0.177622,	0.0942912,	
row = 17, column = 17
-0.000138184,	0.0203265,	-0.000116333,	-0.0201994,	-9.89487e-06,	-0.0202916,	-3.57035e-07,	0.0201382,	5.69021e-06,	0.0180308,	-0.00252766,	0.00129873,	0.00248483,	0.000380227,	6.66839e-05,	-9.58279e-06,	-3.64161e-05,	
-8.61396e-06,	0.0135656,	2.71229e-05,	-0.0134851,	-1.0942e-05,	-0.0134789,	-2.40127e-07,	0.0134522,	-1.89489e-07,	6.75178e-05,	0.00013529,	0.000563073,	0.000459581,	2.38612e-05,	3.6261e-05,	-2.13517e-06,	-3.14541e-06,	
-8.53639e-07,	0.0011683,	2.34768e-05,	-0.00115702,	-1.50653e-06,	-0.00114213,	-1.19114e-07,	0.00115321,	-3.09273e-07,	-2.05759e-05,	-0.000115424,	8.89012e-05,	-4.46627e-05,	1.14513e-06,	3.33079e-06,	-1.72119e-07,	1.35526e-06,	
-8.06903e-06,	-0.00425919,	-1.00293e-05,	0.00426548,	-1.05507e-05,	0.00424769,	-1.4555e-05,	-0.00426088,	-1.73607e-06,	0.00110742,	0.000718327,	0.0032568,	9.50691e-05,	1.90075e-05,	2.94369e-05,	2.5617e-05,	3.88683e-06,	
9.41882e-06,	0.0193428,	0.000154174,	-0.0192382,	-0.000159765,	-0.0191554,	-1.40829e-05,	0.0191222,	-1.31144e-05,	-0.00323436,	0.0150368,	0.00296027,	0.00158631,	-1.94401e-05,	0.000441115,	3.72397e-05,	3.92635e-05,	
3.99544e-07,	-0.00709054,	5.85941e-05,	0.0070648,	-9.95085e-06,	0.00711744,	-1.72761e-06,	-0.00704205,	-8.05512e-06,	0.000406091,	0.00040022,	-0.000151191,	0.00352662,	-5.29849e-06,	2.3807e-05,	6.8867e-06,	1.91991e-05,	
-2.39576e-06,	-0.0198111,	-0.000161311,	0.0197039,	-7.59704e-06,	0.0196017,	-0.000315766,	-0.0198661,	-1.20234e-05,	0.00161282,	0.000202745,	0.0791021,	-0.000594663,	-6.18275e-07,	7.09354e-06,	0.000494451,	3.17901e-05,	
-1.4382e-07,	0.00427783,	2.07694e-05,	-0.00427022,	-1.09703e-05,	-0.00424156,	-1.51447e-05,	0.00427923,	-8.53687e-06,	-9.59023e-05,	0.000311023,	0.00337089,	0.00392782,	-1.90283e-06,	2.79539e-05,	2.62381e-05,	1.80143e-05,	
1.26561e-06,	-0.0192297,	0.000102855,	0.01907,	-9.47143e-06,	0.0192471,	-1.28537e-05,	-0.0189055,	-0.000334067,	0.00259123,	-0.00271519,	-1.64656e-05,	0.196468,	-1.96837e-05,	2.03441e-05,	3.73856e-05,	0.000290721,	
-8.54947e-06,	1.07896e-05,	-8.56682e-06,	-2.05658e-05,	-1.04235e-07,	-2.04951e-05,	-2.30479e-08,	2.03221e-05,	-2.31557e-08,	0.00155668,	-2.80847e-06,	7.12769e-06,	3.26358e-06,	1.4967e-05,	3.70233e-09,	-1.94704e-09,	3.49632e-08,	
-5.1178e-08,	-7.06254e-05,	1.07166e-08,	6.19625e-05,	-8.82834e-06,	6.2005e-05,	-2.88918e-07,	-7.05216e-05,	-1.76721e-07,	5.56925e-06,	0.00136194,	6.80855e-05,	5.04827e-05,	-1.18887e-07,	1.5169e-05,	2.57033e-07,	1.36091e-07,	
-8.1187e-09,	2.43629e-05,	-6.54432e-08,	-2.71141e-05,	-2.7015e-06,	-2.50642e-05,	-5.57948e-05,	-3.49665e-05,	-1.81608e-06,	1.83011e-06,	3.21768e-05,	0.014992,	4.09555e-05,	8.07338e-09,	3.22568e-06,	6.87776e-05,	2.15632e-06,	
-1.6084e-07,	3.23803e-07,	9.50801e-08,	-1.0539e-06,	-5.97462e-06,	-3.54545e-05,	7.53768e-08,	-3.41143e-05,	-0.000516874,	2.06109e-07,	6.33958e-06,	1.04602e-05,	0.300233,	1.04278e-07,	3.72802e-06,	-5.86052e-08,	0.000323701,	
-8.98075e-05,	0.00405885,	-8.35659e-05,	-0.00409041,	-3.17907e-06,	-0.00411165,	-1.77832e-07,	0.00407849,	2.03482e-06,	0.0139614,	-0.000747389,	0.000221268,	0.000611873,	0.000215184,	1.50454e-05,	-1.09457e-06,	-1.09787e-05,	
6.23397e-06,	0.00555185,	3.61736e-05,	-0.0055674,	-0.000113569,	-0.00555068,	-1.29462e-05,	0.0054767,	-1.1066e-05,	-0.0014716,	0.0132754,	0.00297126,	0.0036778,	-8.21857e-06,	0.000279492,	2.36938e-05,	2.10435e-05,	
-7.02395e-07,	-0.00436908,	-2.60768e-05,	0.00434195,	-9.26502e-06,	0.00433158,	-0.000281322,	-0.004607,	-8.31558e-06,	0.000295367,	-0.000318132,	0.0737243,	-0.000383997,	5.94969e-07,	1.44399e-05,	0.000391048,	1.5601e-05,	
2.95366e-07,	-0.00414085,	8.03743e-06,	0.00410649,	-9.24316e-06,	0.00410557,	-9.3661e-06,	-0.00409745,	-0.000585802,	0.000626425,	-0.00077074,	0.00151468,	0.340594,	-6.81484e-06,	1.61025e-05,	1.81925e-05,	0.00038859,	
row = 4, column = 17
4.53974e-06,	-5.72922e-06,	4.54896e-06,	1.09204e-05,	5.53486e-08,	1.08829e-05,	1.22384e-08,	-1.0791e-05,	1.22956e-08,	-0.000826593,	1.49129e-06,	-3.78478e-06,	-1.73295e-06,	-7.94745e-06,	-1.96592e-09,	1.03387e-09,	-1.85654e-08,	
2.71753e-08,	3.75018e-05,	-5.69046e-09,	-3.29019e-05,	4.68782e-06,	-3.29244e-05,	1.53415e-07,	3.74467e-05,	9.38385e-08,	-2.95726e-06,	-0.000723188,	-3.61532e-05,	-2.68062e-05,	6.31287e-08,	-8.05469e-06,	-1.36484e-07,	-7.2264e-08,	
6.46651e-09,	-1.94049e-05,	5.21252e-08,	2.15963e-05,	2.15173e-06,	1.99635e-05,	4.44403e-05,	2.78507e-05,	1.4465e-06,	-1.45768e-06,	-2.56287e-05,	-0.0119411,	-3.26209e-05,	-6.43041e-09,	-2.56924e-06,	-5.47811e-05,	-1.7175e-06,	
2.56217e-07,	-5.15815e-07,	-1.51462e-07,	1.67885e-06,	9.51752e-06,	5.64786e-05,	-1.20075e-07,	5.43438e-05,	0.000823376,	-3.2833e-07,	-1.00989e-05,	-1.6663e-05,	-0.478268,	-1.66114e-07,	-5.93871e-06,	9.33575e-08,	-0.000515652,	
row = 4, column = 17
2.45001e-08,	-4.72648e-06,	5.48301e-08,	5.00877e-06,	1.68469e-08,	4.94093e-06,	1.36401e-08,	-5.00758e-06,	2.9371e-09,	-5.58063e-06,	-2.86518e-06,	-5.89824e-07,	1.29911e-06,	-6.65553e-08,	-5.7535e-08,	-5.21954e-08,	-1.76107e-08,	
1.52975e-08,	1.69979e-05,	-1.3067e-08,	-1.67469e-05,	5.00084e-08,	-1.67575e-05,	2.53268e-08,	1.69341e-05,	-4.0592e-09,	-4.12405e-06,	-6.8152e-06,	-3.84336e-06,	-2.03693e-06,	-3.51901e-08,	-1.65228e-07,	-7.64762e-08,	2.78777e-08,	
1.04178e-08,	-8.83039e-06,	1.64841e-08,	8.80186e-06,	2.29464e-08,	8.81463e-06,	1.80146e-08,	-8.62792e-06,	-4.17308e-09,	9.36803e-08,	-2.69082e-06,	-3.5489e-06,	-2.46511e-06,	-4.06235e-08,	-7.19712e-08,	-5.27521e-08,	2.88143e-08,	
3.43208e-09,	-5.01241e-07,	-1.4706e-08,	4.61778e-07,	9.89926e-09,	4.75953e-07,	5.39837e-09,	-4.01644e-07,	3.84466e-08,	4.68191e-07,	-1.04225e-06,	-1.36583e-06,	-5.80577e-06,	-1.15354e-08,	-1.79403e-08,	-4.25203e-09,	-9.27937e-08,	
row = 4, column = 17
2.94101e-09,	-4.51252e-06,	2.90792e-08,	4.75005e-06,	1.36472e-09,	4.68831e-06,	5.00926e-10,	-4.76423e-06,	1.61688e-10,	-3.49382e-06,	-1.86768e-06,	3.41126e-07,	1.30587e-06,	-4.71276e-09,	-3.92602e-09,	-1.53832e-09,	-1.19802e-09,	
1.27322e-09,	1.65237e-05,	-2.53318e-08,	-1.6297e-05,	5.58054e-09,	-1.63133e-05,	1.28566e-09,	1.64433e-05,	-2.10539e-10,	-2.94509e-06,	-4.5704e-06,	-1.75819e-06,	-1.50886e-06,	-1.36512e-09,	-1.35609e-08,	-2.113e-09,	3.18554e-09,	
4.72055e-10,	-8.5962e-06,	7.83488e-09,	8.55018e-06,	1.2424e-09,	8.55839e-06,	2.58971e-09,	-8.41149e-06,	-1.5735e-10,	7.74014e-07,	-1.27365e-06,	-2.13714e-06,	-2.03195e-06,	-1.84359e-09,	-2.58382e-09,	-4.83751e-09,	2.78881e-09,	
3.60468e-10,	-5.20651e-07,	-1.73024e-08,	4.88277e-07,	1.03732e-09,	5.03255e-07,	7.10191e-10,	-4.22943e-07,	3.21505e-09,	4.839e-07,	-7.04139e-07,	-9.82809e-07,	-1.84094e-06,	-6.60146e-10,	-8.80989e-10,	8.74467e-11,	-2.06197e-09,	
row = 4, column = 17
1.40131e-07,	-1.06147e-05,	1.47955e-07,	1.08865e-05,	1.37105e-08,	1.0852e-05,	-5.83878e-12,	-1.08135e-05,	5.13637e-09,	-3.35584e-05,	-4.03397e-06,	-6.21642e-07,	-1.01614e-06,	-1.74191e-07,	-1.06451e-08,	2.78476e-10,	-3.69135e-09,	
1.70882e-08,	3.8128e-05,	-1.56236e-08,	-3.76727e-05,	1.55914e-07,	-3.76927e-05,	1.36692e-08,	3.79281e-05,	9.45854e-09,	-7.29629e-06,	-3.63302e-05,	-4.17678e-06,	-4.81271e-06,	-8.99858e-09,	-1.79905e-07,	-6.70586e-09,	1.21554e-09,	
1.06233e-09,	-1.97591e-05,	1.1332e-08,	1.97276e-05,	1.30633e-08,	1.97316e-05,	1.21694e-07,	-1.94774e-05,	5.46012e-09,	7.53733e-07,	-3.37752e-06,	-2.98554e-05,	-4.40747e-06,	-1.60633e-09,	-5.63014e-09,	-1.52552e-07,	3.42319e-09,	
1.40108e-09,	-1.11882e-06,	-1.30455e-08,	1.12284e-06,	1.49763e-08,	1.16588e-06,	5.13399e-09,	-1.03053e-06,	8.08809e-07,	-1.51905e-08,	-2.51897e-06,	-2.61824e-06,	-0.000272838,	-1.92753e-09,	-8.84746e-09,	1.10786e-09,	-8.38757e-07,	
row = 4, column = 17
4.53974e-06,	-5.72922e-06,	4.54896e-06,	1.09204e-05,	5.53486e-08,	1.08829e-05,	1.22384e-08,	-1.0791e-05,	1.22956e-08,	-0.000826593,	1.49129e-06,	-3.78478e-06,	-1.73295e-06,	-7.94745e-06,	-1.96592e-09,	1.03387e-09,	-1.85654e-08,	
2.71753e-08,	3.75018e-05,	-5.69046e-09,	-3.29019e-05,	4.68782e-06,	-3.29244e-05,	1.53415e-07,	3.74467e-05,	9.38385e-08,	-2.95726e-06,	-0.000723188,	-3.61532e-05,	-2.68062e-05,	6.31287e-08,	-8.05469e-06,	-1.36484e-07,	-7.2264e-08,	
6.46651e-09,	-1.94049e-05,	5.21252e-08,	2.15963e-05,	2.15173e-06,	1.99635e-05,	4.44403e-05,	2.78507e-05,	1.4465e-06,	-1.45768e-06,	-2.56287e-05,	-0.0119411,	-3.26209e-05,	-6.43041e-09,	-2.56924e-06,	-5.47811e-05,	-1.7175e-06,	
2.56217e-07,	-5.15815e-07,	-1.51462e-07,	1.67885e-06,	9.51752e-06,	5.64786e-05,	-1.20075e-07,	5.43438e-05,	0.000823376,	-3.2833e-07,	-1.00989e-05,	-1.6663e-05,	-0.478268,	-1.66114e-07,	-5.93871e-06,	9.33575e-08,	-0.000515652,	
row = 4, column = 17
0.000282089,	0.000297641,	0.00028214,	1.11095e-05,	-3.95256e-06,	1.10345e-05,	2.10954e-07,	-1.49597e-05,	2.35696e-07,	-0.049235,	0.00151078,	-3.32177e-06,	4.05516e-07,	-0.000519865,	8.11504e-06,	-2.55235e-07,	-4.1949e-07,	
-6.35083e-06,	4.0151e-05,	-6.3852e-06,	0.000210686,	0.000285365,	0.000210653,	2.36757e-06,	4.95695e-05,	2.52533e-06,	0.00150778,	-0.0413089,	-1.257e-05,	1.19879e-05,	1.24991e-05,	-0.000524802,	-3.87298e-06,	-4.55147e-06,	
-1.38226e-07,	-2.41699e-05,	7.42232e-07,	7.6579e-05,	5.06051e-05,	3.64108e-05,	0.00110304,	0.00114626,	3.42209e-05,	-1.25192e-06,	-1.05921e-05,	-0.293721,	1.95887e-05,	1.93374e-07,	-6.24719e-05,	-0.00137325,	-4.24045e-05,	
3.68286e-07,	-4.32116e-07,	-2.22083e-07,	2.05396e-06,	1.37491e-05,	8.16634e-05,	-2.64009e-07,	7.91687e-05,	0.00119615,	2.23297e-07,	3.44519e-06,	1.0728e-05,	-0.694469,	-2.40612e-07,	-8.53094e-06,	2.51695e-07,	-0.000749378,	
row = 4, column = 17
0.000282116,	0.000296829,	0.000282168,	1.19993e-05,	-3.90122e-06,	1.19228e-05,	3.28971e-07,	-1.56703e-05,	2.49341e-07,	-0.0492399,	0.00150325,	-2.39223e-05,	-3.33852e-06,	-0.000519913,	8.03162e-06,	-4.52721e-07,	-4.29622e-07,	
-6.31445e-06,	4.2658e-05,	-6.34921e-06,	0.00020837,	0.000285515,	0.000208333,	3.07257e-06,	5.27984e-05,	2.67207e-06,	0.00150043,	-0.0413286,	-0.000133613,	-3.62771e-05,	1.24456e-05,	-0.00052508,	-5.04843e-06,	-4.69204e-06,	
2.00443e-07,	-2.4934e-05,	7.87819e-08,	3.23287e-05,	4.27157e-06,	2.9815e-05,	0.000264022,	0.000265017,	5.64607e-07,	-1.4596e-05,	-8.90847e-05,	-0.049027,	-3.36792e-05,	-3.27554e-07,	-6.98547e-06,	-0.000460141,	-7.07154e-07,	
2.22394e-07,	-9.52792e-07,	-4.50865e-07,	1.69157e-06,	8.07146e-06,	3.49411e-05,	-4.008e-07,	3.23899e-05,	0.000724706,	-9.61141e-07,	-1.25946e-05,	-1.69658e-05,	-0.233465,	-2.49873e-07,	-8.65236e-06,	4.95577e-07,	-0.000783235,	
row = 4, column = 17
0.000282067,	0.000295884,	0.00028212,	1.28122e-05,	-3.98796e-06,	1.27374e-05,	2.16157e-07,	-1.66843e-05,	3.30409e-07,	-0.0492318,	0.00151515,	-2.479e-06,	-1.99953e-05,	-0.000519827,	8.19599e-06,	-2.50374e-07,	-5.51799e-07,	
-6.39182e-06,	4.51854e-05,	-6.42739e-06,	0.000205565,	0.000285304,	0.000205556,	2.7425e-06,	5.50601e-05,	3.51641e-06,	0.00151248,	-0.0412988,	-5.61499e-05,	-0.000210448,	1.2596e-05,	-0.000524703,	-4.56161e-06,	-6.00614e-06,	
1.04763e-07,	-2.64538e-05,	-1.05409e-07,	2.74915e-05,	-1.17144e-06,	2.86472e-05,	7.58707e-05,	5.96927e-05,	-1.53427e-06,	-2.35436e-10,	-3.66465e-05,	-0.0114434,	-7.57779e-05,	-2.02106e-07,	2.8823e-06,	-0.00016001,	3.62348e-06,	
1.32996e-07,	-1.31819e-06,	2.72115e-08,	1.71399e-06,	3.91049e-06,	7.92956e-06,	1.82349e-07,	5.10855e-06,	0.000271247,	-6.44119e-06,	-7.02336e-05,	-3.7823e-05,	-0.059403,	-2.11485e-07,	-5.87393e-06,	-2.3811e-07,	-0.000411763,	
row = 4, column = 17
0.000282067 	0.000295884 	0.00028212 	1.28122e-05 	-3.98796e-06 	1.27374e-05 	2.16157e-07 	-1.66843e-05 	3.30409e-07 	-0.0492318 	0.00151515 	-2.479e-06 	-1.99953e-05 	-0.000519827 	8.19599e-06 	-2.50374e-07 	-5.51799e-07 	
-6.39182e-06 	4.51854e-05 	-6.42739e-06 	0.000205565 	0.000285304 	0.000205556 	2.7425e-06 	5.50601e-05 	3.51641e-06 	0.00151248 	-0.0412988 	-5.61499e-05 	-0.000210448 	1.2596e-05 	-0.000524703 	-4.56161e-06 	-6.00614e-06 	
1.04763e-07 	-2.64538e-05 	-1.05409e-07 	2.74915e-05 	-1.17144e-06 	2.86472e-05 	7.58707e-05 	5.96927e-05 	-1.53427e-06 	-2.35436e-10 	-3.66465e-05 	-0.0114434 	-7.57779e-05 	-2.02106e-07 	2.8823e-06 	-0.00016001 	3.62348e-06 	
1.32996e-07 	-1.31819e-06 	2.72115e-08 	1.71399e-06 	3.91049e-06 	7.92956e-06 	1.82349e-07 	5.10855e-06 	0.000271247 	-6.44119e-06 	-7.02336e-05 	-3.7823e-05 	-0.059403 	-2.11485e-07 	-5.87393e-06 	-2.3811e-07 	-0.000411763 	
row = 4, column = 17
0.000282067,0.000295884,0.00028212,1.28122e-05,-3.98796e-06,1.27374e-05,2.16157e-07,-1.66843e-05,3.30409e-07,-0.0492318,0.00151515,-2.479e-06,-1.99953e-05,-0.000519827,8.19599e-06,-2.50374e-07,-5.51799e-07,
-6.39182e-06,4.51854e-05,-6.42739e-06,0.000205565,0.000285304,0.000205556,2.7425e-06,5.50601e-05,3.51641e-06,0.00151248,-0.0412988,-5.61499e-05,-0.000210448,1.2596e-05,-0.000524703,-4.56161e-06,-6.00614e-06,
1.04763e-07,-2.64538e-05,-1.05409e-07,2.74915e-05,-1.17144e-06,2.86472e-05,7.58707e-05,5.96927e-05,-1.53427e-06,-2.35436e-10,-3.66465e-05,-0.0114434,-7.57779e-05,-2.02106e-07,2.8823e-06,-0.00016001,3.62348e-06,
1.32996e-07,-1.31819e-06,2.72115e-08,1.71399e-06,3.91049e-06,7.92956e-06,1.82349e-07,5.10855e-06,0.000271247,-6.44119e-06,-7.02336e-05,-3.7823e-05,-0.059403,-2.11485e-07,-5.87393e-06,-2.3811e-07,-0.000411763,
