


17 4

-0.094177695	0.03968786	0	0.03968786	0	0	0	0	0	0.0018929	0.000185659	4.49683E-06	5.94184E-07
0.03968786	-0.133865556	0.03968786	0	0.03968786	0	0	0	0	0.002049029	0.000208992	4.49683E-06	1.70191E-06
0	0.03968786	-0.094177695	0	0	0.03968786	0	0	0	0.0018929	0.000185659	2.2961E-06	2.79492E-06
0.03968786	0	0	-0.133865556	0.03968786	0	0.03968786	0	0	0.000185659	0.0018929	0.000183956	1.70191E-06
0	0.03968786	0	0.03968786	-0.173553416	0.03968786	0	0.03968786	0	0.000208992	0.002049029	0.000183956	2.50348E-05
0	0	0.03968786	0	0.03968786	-0.133865556	0	0	0.03968786	0.000185659	0.0018929	2.67368E-05	0.000158922
0	0	0	0.03968786	0	0	-0.094177695	0.03968786	0	5.09101E-06	0.000185659	0.001890101	2.79492E-06
0	0	0	0	0.03968786	0	0.03968786	-0.133865556	0.03968786	6.19874E-06	0.000208992	0.001890101	0.000158922
0	0	0	0	0	0.03968786	0	0.03968786	-0.094177695	5.09101E-06	0.000185659	0.000161717	0.001731184
0.003807016	0.004121024	0.003807016	0.000373398	0.000420326	0.000373398	1.02391E-05	1.2467E-05	1.02391E-05	-0.116893861	0	0	0
0.000373398	0.000420326	0.000373398	0.003807016	0.004121024	0.003807016	0.000373398	0.000420326	0.000373398	0	-0.116893861	0	0
1.35661E-05	1.35661E-05	6.92691E-06	0.000554962	0.000554962	8.06598E-05	0.005702081	0.005702081	0.000487869	0	0	-0.116893861	0
3.58509E-06	1.02687E-05	1.68635E-05	1.02687E-05	0.000151051	0.000958875	1.68635E-05	0.000958875	0.010445311	0	0	0	-0.116893861
-0.333 -0.333 -0.333 0 0 0 0 0 0 0 0 0 0
0 0 0 -0.333 -0.333 -0.333 0 0 0 0 0 0 0
0 0 0 0 0 0 -0.5 -0.5 0 0 0 0 0
0 0 0 0 0 0 0 0 -1 0 0 0 0




0	0	0	0
0	0	0	0
0	0	0	0
0	0	0	0
0	0	0	0
0	0	0	0
0	0	0	0
0	0	0	0
0	0	0	0
0.530996947	0	0	0
0	0.530996947	0	0
0	0	0.79649542	0
0	0	0	1.59299084
0
0
0
0



 0.889 -0.111 -0.111 -0.111 -0.111 -0.111 -0.111 -0.111 -0.111
-0.111  0.889 -0.111 -0.111 -0.111 -0.111 -0.111 -0.111 -0.111
-0.111 -0.111  0.889  -0.111 -0.111 -0.111 -0.111 -0.111 -0.111
-0.111 -0.111 -0.111  0.889 -0.111 -0.111 -0.111 -0.111 -0.111
-0.111 -0.111 -0.111 -0.111  0.889 -0.111 -0.111 -0.111 -0.111
-0.111 -0.111 -0.111 -0.111 -0.111  0.889 -0.111 -0.111 -0.111
-0.111 -0.111 -0.111 -0.111 -0.111 -0.111  0.889 -0.111 -0.111
-0.111 -0.111 -0.111 -0.111 -0.111 -0.111 -0.111  0.889 -0.111
-0.111 -0.111 -0.111 -0.111 -0.111 -0.111 -0.111 -0.111  0.889
0
0
0
0
0 0 0 0 0 0 0 0 0 0 0 0 0 1 0 0 0
0 0 0 0 0 0 0 0 0 0 0 0 0 0 1 0 0
0 0 0 0 0 0 0 0 0 0 0 0 0 0 0 1 0
0 0 0 0 0 0 0 0 0 0 0 0 0 0 0 0 1



10 0 0 0
0 10 0 0
0 0 15 0
0 0 0 40










